Version: 1
30073a9f77d66aedf7279221daf0de90249e5720cd2cd709e1f3bd4a3331ad4e 1745909981 1745909213 1745909469 1745908957 1493742198
300dbcc6ec6b5fc69644808dcc803c3e26648b3395a35df2e1f917648befd99f 3301793134 1493742198
301e237bc848d05fbdaf84b89bc398d37a23b547487988b1ad43575b30b84a1f 3752139605 1493742198
302dcabe98b16b8fed3db29ebf693bab0f103798a9ecceafcfd70a2000b29bac 1493742198
305f236387a967fe36471c101324496f6bd85d53406fc814f98fc1d0bd3f780c 1493742198
3064abfb91a130a5dc70f39fe4bed3a8aff5ca96ac5f1e90c071f91b916a8211 2342656519 1493742198
309d918fb8af03675727b124885028b67bd96bab665cfe1a03de8a459cca226a 1493742198
30a8cbe0516198ab6f6363d6f522e0f0275236d97cf9aee1ac5ac200193635d3 1746199301 1746199045 1493742198
30b4e55a9feea62e1c8ba18da2103715503c8625aa9078b1341faaabae330345 1540264789 1540264788 1493742198
30dfcd449c80b79b200010a34ad75c7a909bf0aea241d5fceb95fb504fa056ed 3281162248 3281162249 1493742198
30eafc04ad50eb8618c0f7e96f57aaf00a180a43310a30f7c3c29c255d2d04fe 1709423786 1709423792 1709423790 1709423788 1493742198
30f9de892191ec9cfd7b8f14264cc795da3cae870830452ad1a0a5c681a2d3a6 1919966634 1493742198
31064214e8e8a85f04698ed9264f25c28b68c2502d2694c352eaa2bbf9aab3f8 1753414477 1493742198
310a7b43d21a736998da17613669adf7579194659049090e5efb0e01ec5ac516 1503891979 1493742198
31164e0208fc8282d3230e741bec44f333b40fef00cce237ef2a5f70da8be30c 3272136584 1493742198
31193328f8e21dfb6c99f322d22d7b0b508778e64ffbba86e52293379031b874 2649752355 1493742198
313b35ffadbdc2480a05e35350911dcbca94ed531b455ba84034724629ca5630 2420902674 1493742198
3145ac3b0f96cf66a974512a3f2374c61b0dcd0e8399bee6d6cc9fab754f59cd 1056865115 1493742198
314cd60b251942b39165649969fc2ebd9937107dc215fc3836af2ab8d1c32458 2540011584 2539978816 2539995200 2540027968 1493742198
31553ae2cefd192b95242a254a42bad6fc4c3adebfc4606dc703e281a67db1ab 1746154027 1746153771 1493742198
316152c53e6b306142cd67dad4508b8494eaa16503c24ccb26f01634cbc7fe4d 3533346111 1493742198
3163145930d0d31b9e4fe433e0f7113ae650dcd03a35605916730c56024a6b49 2956274434 2956274442 2956274437 2956274439 1493742198
31747cbd83c1cbb2d72334a15297876de3b889a286c1cca01b2186f97746fd13 86224020 1493742198
317791124cb6393db7cb0fdcfbf5efe7ede4ca1dc719d874f7312212436c88af 3642000136 1493742198
3179ca0294efd84c2add04797295d64fc718f57a093cbce9bd4f6f0b124cbd62 2869446572 1493742198
317a194bea8168ffc2fd1799655d738a5c52fb2b9228684a4a319cfcc0587be3 1541708116 1493742198
319fd33c34a8c7739144342f463db0728ae17aa05aaf42eec5229ab3a234b74b 1745900499 1745899987 1745900243 1745901011 1493742198
31a7db5c8fa25cdc5302e1cbbbcb3103ed6074642577d452c26506dbc1b666d3 3350619661 3350619662 1493742198
31b5cf164be7e5fec001f4bb5d36c1fddf09ff1ccb35487d64b21e10d88aade0 1746642480 1746642736 1493742198
31b8205adefc0c2f16515a999d9aee20f2fb973d7424d1234d9f1de0a73ccbe7 2899907177 1493742198
31be2207ee87198c7d611dae7687be4ed13365cdc3d63730626231c65f16e0ce 1745895394 1745895650 1745894882 1745895906 1493742198
31c0ef87e19abe2e4d1574704420163a1cba1acd656ce96a058ea04b2100002e 1746519657 1746519401 1493742198
31c4bad3f24e7a72191229b12f9d1e7c091b08b6fe04e19f189403cc9e0e3bf6 2539995201 2540011585 2539978817 2540027969 1493742198
31d519c5ed0f71e010f05b14c36ea0077c2f684e7ffc6004b54c0c4498a2bb14 3106945273 1493742198
31eee78d6a7226db8ef34c2b88987c528aedd2989efc0e3b93439938de3246f7 1729033484 1493742198
32286035fcba90d4dc4bea332d54f6633af156a3174232e1586e67ae9756bbff 1075765370 1493742198
322f8a6a22611200476038555c14b4020abaef8e92cd6bf8166a1081cdd42e9e 2065608477 1493742198
323e3d40ac868447320e6065cd851012fd7b878201bf63536ac7038af89af3e8 1572396052 1493742198
3253bc0ab81a126766c8455b0605a1c98d7f8a46519133aa4df5a39699668cdb 2539979322 2540028474 2539995706 2540012090 1493742198
32849a8925d5b619a42e1c8be948aea25388726cd774d3cb9cd861a045c76a67 3639550997 3639549973 3639550485 3639551509 1493742198
32a5bd52b5af609a3678020d4eecbdd6d4ad91e69d0a999712dabae219490ddb 1466081642 1493742198
32aedec013b9889100968e71f81396a4ebc1278f05a6ab3981a51bf3ac927181 2915108211 1493742198
32de6301531c9b9d669b028de92fb6881ef987724f2729a2d6cb8ab5ffde02b7 2111108929 2111105526 2111108882 2111105529 1493742198
32e542678af73724cbf089d53cc346b127892c394327640e10656c4726ae52aa 1539953754 1493742198
33004744bb57b64ade7673a2b8bf6e426c9d540bd81d4153963740acab7ab3af 1746670392 1746670136 1493742198
331b43942f315da2aa152655a34455e92e6cd5da3ecfb4c6ff953a9a8c5fe5df 3225771941 1493742198
3320613671671eaee3a3df8c21f272f33675836ae03491f34f342df003e2f635 2342696517 1493742198
3326e713ec3b44e8e6b0cb8699646ab04446ebb861732e6744007643ddd9980a 1407058644 3641711833 1493742198
335b304a15d10f093627db373b9b5d5802d71e27c2a28ad3b137e42d8b725cc6 3322657870 3322657867 1493742198
335d3d2b14d3e1149c0405912b9506648180fd9bc30db1543cec142a643b7e6b 3108259481 3108259482 1493742198
3362367f8b868a525df193f1896635d6faf60f60db6a103fddb0681b70fbe6c2 1745884434 1745884178 1493742198
336d5686797f1d6283a8c3e6938a6fdd0c0764d8063d4e2c77fb488b33317f2a 3098074427 1493742198
337c372faf41a4e1915c63a6b2ee325148950fbef4b39444310f098eab4a7608 1524138302 1493742198
33869d93d068b34014731a763b1210daf7b8a4bb78decd7f8b8412ee6bec86b0 917077581 886899015 1493742198
33c09479294cd04d7da87b7ce6860c9eaf89692a54f3bc9f04b4d5ec391f32c7 1746516852 1746517108 1493742198
33d39bae962f396537aabd0a5894f385a574b70052fd6acced394950b91b73b9 2540011830 2539995446 2539979062 2540028214 1493742198
33d3d12e66f70b5e188244001d5f2951dab40f76f51d7d2d9b9d7cdefa99f9cb 34920620 1493742198
33d419d2b24171b9495f5d2c4b6c0811a2d03e07b00eac82e789d03e3c6815e0 922048543 1493742198
33d77e8611ec46d2f3d47aa8f87614681d16cd12972608dfb6783fe6645ede6a 1602256007 1493742198
33e9328f15fa6bc0842a8e76ecf55eeab7155022570f87be2d0a3a455347a6c1 1746152306 1746152562 1493742198
33ed6a7871e3ec11e37bdaa9543e39711b298264e62591c0523cb7af23a19ca3 1493742198
34072d15a28193389fa58770fb5e63008a7f25c94989ff85bf9a01fdb39c6063 1746488599 1746488343 1493742198
340f72eec66d32065bef5d82093ff5bbccc70978e8616ab9538726f4a1e2b28e 1390302459 1493742198
340fde3ffc64992abc43e17dff039a3025c07c196a64a1763497ddbe71188c0f 1805283675 1805283931 1493742198
3418004e44b2b275fbd2cceb739888a9409bbfaa9a57575733acd1db5e6af93f 1746406255 1746406511 1493742198
344aa72d23ae6fdb53533dc6bad944eb874c7b55d0b4d4f98fa0ec37f8d5ecc4 1539137064 1493742198
34641db71f8944f6dcaab15412c9d9bbc1ae8e41392adaa367d4286d17b62abe 3108044033 1493742198
34733cc9979429ad2575f461f6d1b36bab9aa1204f2c802900aeb912816050f3 1746404699 1746404443 1493742198
3487ef4ed5f18902e1e2452c5976ec80a6d8eb1f064bddebfe640f227886b1a4 1539747520 1493742198
3492ce56bd5b3e4ffaf34db18f29d84abab2d01341d5a6afe16aaeb46b862b1c 1746151246 1746150990 1493742198
34a3454c65546193d2221fc1fbab18fda4e9c0c54eac2f9ef6a18f7024f2a456 3245209580 1493742198
34a71535488189c6a2b334ca13b85e0e211c75f9a108bd65d370201adf8e5be5 1032313371 1032313374 1493742198
34b9143994d4b92228ba04d0408a42dbee3151261c40434ad80fc5e9d28c3c59 877177591 885935019 1493742198
34d347a149fc6175626338c7b6917f72449c8846778208bd2c8317e155b0cfd0 918558790 1493742198
34ef210f9d3de9046f9694b654df01e79f77e0743c0ce5a4a85ad145d7991e7d 1796649629 1493742198
34f671a141401a8632c57abd8c7ecbab9ae9a7646e057f2fc2b2905e04aba3fb 3105525669 3105524806 3105525318 3105525443 1493742198
3522116beeaa8b4d05272fc01279f4bd570d792d56728a83e45f12f47bedf186 1746665960 1746665704 1493742198
352d9766677bd4d0e9c40c51a517b39f170782373eda138e1f042f2ee661174a 911782189 911780702 911768768 911557102 1493742198
353afe4d40d0d3e099af043847ec63318a9df22d26076baf1b95174a0855c4c3 3107017980 1493742198
35425a06f81d3539666c058759e7fd1ef15f401bed00eebb899a1c23633cdad4 1745906496 1745906752 1493742198
3546780f121d707a503c02dfa12be1712ccf485e0ea84dd7fa996cbb0615818f 2733843565 1493742198
354dddb91f6de755a7b0a4ebc4584fcfa369548aa3fe71abb7dc1ecf99850d18 3635458376 1493742198
3553fe1bed44e132432420ab7d37d96888a1fa7f13543012816987f570f631bf 3527227431 1493742198
35732fa4669fdd645acc2f9aeda35bf5fd5bf3237991f0a5f80a23c111d11bf1 2997657604 2997657603 2997657602 2997657605 1493742198
3574c8209faa7ee6180b24324593492dcd7c0b3392abd36998decd8504ad123a 3639550997 3639549973 3639550485 3639551509 1493742198
35799a382d63fc4c50d4f2d8a37fd48858f4f0ec7709aa0fa4a37df6d5ddb76b 3106945031 1493742198
35a70d4ba39a0b6af21337266f37cc5e139826afa13b096776aa4e66f7fc6aff 760190743 1493742198
35b53ad4155b0a8fdd504dfb59ac6e50ba05df04846e5645148374ec333996e0 3225450479 1493742198
35d8c70222631a43a10a63a4b7c45b4752744899d7cfcdcf9346cf0a7ac07229 1986192229 1493742198
35e11f6f6917760186659a4f8aeb5499a34cab7b890698ac3fb472dc0f2a9a69 1745900725 1745900469 1745900981 1745899957 1493742198
360ecb527a6d90ede27cf50d494d27d962a2f3aae9c97763a8ad9b9bee0890d7 401286544 401285520 1493742198
362762703e1da947ec373fcd027a06371d92422ee0a9c8e230288e19c36899fa 3164929982 1493742198
3656bb88412e3b7c91a5b4cfef2a350ccf423de2161ff28ab949f0e841acbbfc 1760305389 1493742198
3662920c75f5ada687da86b3bacc1e56ceaa34b7ae905654fc3835bb963ecaa5 1746406772 1746407028 1493742198
3670c81f91f61002b5610653af6650b175af245e16ee93902a311410b393ad6c 1040455394 1493742198
36773997e3c30fdac75215a4576d397369e7041d0a359e0c3727a9e8f8c3a1ab 1540368963 1493742198
36865f2e3176b061e23761092817d745ab32704ee79d1e9046b22876496a315e 1317695524 1493742198
369ad476a2f2d438ed95262fc3dcf8c127c3a9756c5334dd5970cacd25ce3450 2011340611 1493742198
36a56cc1feb0eccb24f3544804a5e41e0a2eff6742cf6914793d4d2a7b32580e 1753378506 1493742198
36c18993942084e2fed00730627a850e3b4b37b768103c6902924218c0cd2463 1600403306 1493742198
36cc4b1550ea7cd60be2409fc082da2cc0b931d8d0c8583f4eea141e1dee6f5e 1493742198
36e29ab0f98b3fa74bfecb7b956f3cd89adb7f5d8d2a710ca1266ce3eeaa2c7d 1613574529 1493742198
36e7bb307301134b30498bb7db0ecc31be01923066c3dbfb132c2353f84ea76a 1746141964 1746141708 1493742198
36f9a9e359a92cf75d38c6d4b2f38a5f70294ab61a3dd5145d24553fbcd2f0a0 3568518950 1493742198
370d75c81ccca6bc04b4f29a45c9fb141dd2d2e734a78e333488d06a65451ac1 3524169591 1493742198
37286c93637153888ce531c5f401562fe6f958b40b917887f7e88acb088d54ff 922187346 1493742198
373d0b56a64ea535720fb14ebe16dace2f5ca7c715c5b3708d9192df7a34d321 3492505715 1493742198
376041158b6a9d84e31f077012c0d1390d164a024107c5d16a459059e3d4ebb5 1170535523 1493742198
37755ef1baf886fd72105a636425af1e0b7aaa134fe08d3850fec892bf7894c6 3570158497 1493742198
3777d5da1965ac2d0451abf95779a087a2dc702ba7e495f00ed21ac3ad962022 1745923357 1745924125 1745923869 1745923613 1493742198
378a7900741119afb0cf06b435394319aff85a6302af906559b99f5a91cce901 135497978 1493742198
378d282c798ec2992ac28dcaa9e03f3a2c73e441d4cfdc8289c793b07498ced9 1210077933 1493742198
37b2d84deae9fde5c1124180869c079173e1da47b35a793441b44375e83474e0 3393115914 1493742198
37b4843d24c43e2ddccfde08d7da238a06d6d9fabab7da495e4f8b87d4ee72da 1500278118 1493742198
37b64ae43efae0ec5206cff47888990ea1387db642f8cfa20613a961103a03f4 1539137040 1493742198
37dec407c33f230b6dafcaa88074d7c50db83f6a2916470ae3ef540c890cf8b6 1746144094 1746143838 1493742198
37e6dc2bf296b9bab3b884635a87cfc99c7e78407cb1851199d41c3aa1dc2fab 678823653 1493742198
37fd26b1966dc6936257af85ca111c32babc4d2a9edbd03dde25e27a23be3e76 786801056 1493742198
387eea0ace9f81087f87ea2083003b7d920ee1babb3edfe9de8ffeb727c2fdda 3351777592 1493742198
3885078857a5f84f7bb405eeb694a37ee0eff99ce267888fee0235497644c59d 2362253324 2362253837 1493742198
389839b943cb91ac80bb289004939ebe4075a1643da0de0a87b288e8c8430111 2540028157 2540011773 2539995389 2539979005 1493742198
389f3ed3286f62c3d47457cab482e1e7198d9afad629bff78f4f0564e83f34e1 918558783 1493742198
38c8743ecd2810f70e1cbbb406a1a5f293ba153729f5361e2f1325cb27c14561 2509940579 1493742198
38d98e72de4ad144bea20956e10ead02fd847d0d81ffd201809752b81b665e20 2016576624 2016576368 1493742198
38dc7dcb596838fbcb912a515cd521d88262db654b6f18cb769f2cc4c1a6a8b4 3359497698 1493742198
38e0fd83574949092b3608d15fb8650efa91cf0bb5d5fb85c53388a4e8aaa514 1123648258 1493742198
38ea59d562ca95d969c00e8b1835bcb1dba26313b0f492ebef8c566ff078ccc8 1481984933 1493742198
39129740a4db0fcf7b1a42b6e6a4f4afa89157037d7773050cee06fbbd8cdcf8 2539979060 2539995444 2540011828 2540028212 1493742198
392a5a1f54dcd2068a5e9531a93265756db3b34b86d3f05da65b5bb9a3a3fafe 1745904431 1745904687 1493742198
393115ac2e79f809d34c558b512c3b58dac510eb9b2a959067a4a667cfc084dc 387406183 387406472 1493742198
3939cb77bdc2d89b56dd7f4c2669d25ac7a9d55bd0c013f848c23eb2c10980ad 3584983772 1493742198
3943d81483bf6a5951c536b2084e0b017df134ab94cdffca7214370f8f14f0bd 1746405718 1746405462 1493742198
39448f9ed423ad756de2e48ac47f26adb4cc92872116ab30a138085463f93205 1493742198
394675994e53d13b16807862811aab9872c4080bbff83de17af24241e4b751c7 3515205042 1493742198
394b0e4238faa604b3ef32da20a788d41728fc50df411cf17853582fa0d84ddc 1746404889 1746405145 1493742198
3964cd03f87e9e60c165f5adafe7daad2a00c996833a4fcf5f04af270c21f159 1745908527 1745908783 1493742198
39670bdc066df70a5ba9f6f2d7e6a7ad9578651cbf5440999d6b1ed33becb3c8 1746173483 1746173739 1493742198
3978a97fb60dfd6a9ff273a531a803c8673df823365499adbdc6497e05677156 1494940833 1493742198
397be8b4328c84f54f1de87d57365709528863ac3b457e9aa1482df4ffbea246 1746406216 1746405960 1493742198
3988b19dbdd768ba1a9f5cb053496297cb985a030a8260506f66b7bd8c418579 1248979850 1493742198
39a903e0f212d54b295288e268210eedf7f3d8217fb8e1dfdaeaed559d6b4c8d 1745920666 1745921434 1745920922 1745921690 1493742198
39adff2da026db71bb73404d25c44b743f58e9d96557c7b8d36dabff9b0939b2 2362287149 1493742198
39b86c0d896725fa3d0d67b23eb3d4afc3723d978e936e2215b675ae5a8a9f9d 3389444872 1493742198
39c5a6928a6b9cf4a33c2356171979db668055c0c5bf83ae80490cd01d84d6de 2354734460 1493742198
39e02b2edba1aa49e734eec8fe0eb8adb1b92b94e9f5f0b9b218bfbc87dd67b8 1493742198
39e1e09199d3201612567e9dc3d41908511ae1ac1c0f6c0d3775c2c7e1ef50bf 1745901083 1745900827 1493742198
3a0ec429d6d7cfd903dda7b6c4af11b051b1e3c86f0aef8f76e2e238c7f0875b 3510272090 1493742198
3a300252b220e5650a082748540365557c9afcd6ca9ce0aea1659d4c03f5a527 1493742198
3a3bbfdcecb2889490dee2ee11ec4919aae9b3af6535fd5c39c75ec082fc8855 3627516856 1493742198
3a427b6ae6d6d17d1f501d26ee043d8aaa87bbb1753f8856164be4dbacbf6d41 1570759702 1493742198
3a44ee3a4e0bc76d7b25aef3099546b094d34192f629af6161f4d13baf7825ed 2899907171 1493742198
3a5a306f72f0e313e92b64c28dd3d7ca3e6a360677427ef388d3d442937825d7 1520224619 1520224630 1520224598 1520224527 1493742198
3a712d65ad87f8d3bc05e82806bf40631532384d29a909e3346a2bee9efc6cd7 2205128217 1493742198
3a715be37d91ed214125d107c17afacdc0fbd67d8371545a3d6394ceb8902f06 2575165958 1493742198
3a7d6123e2981037f7b672d2dc12bfb81bbe8b1850be27ab1598214d295a7de0 2731721301 1493742198
3a8219722af3922d012058ee0fa62b35d224d8a8fef274fcaca9c4abaa0b888a 1746528371 1746528115 1493742198
3a85489f36f2ede68fac0d03b102130eef60fbed5abe66576880b7e13759a16a 1893168996 1493742198
3aa0aa4a1942c3b302fc8c2c8dde07fb50db17afa40298dd473b9f3cb6acd0d3 3064187681 3064187682 1493742198
3aa67bec99ccc2ccc1387f13e407a73b37a61ae9c5bf932d43057fd5cb3e729b 1745913894 1745913638 1745914150 1745914662 1493742198
3aaed023032d8b53aae22ff4e8b8af959a415981e7016eed245f7720b7318a57 532706483 1493742198
3ac683ec04ce065d0528983b7bfbb79bbce2bd8df567a96ffbc170bebae177c1 1540574145 3258074561 1493742198
3ac7c64947fee56d8f13a85179db414ce6512d69d6a237e7f565c2dd6a63af32 3002657556 1493742198
3acdd0fd898018e9a64dbe4379004a218085e0c419d12063d52500ce585c93ff 3108455197 1493742198
3ad8dc9a5e9dab9ce294acc3f546e539972cfc35d937ff593f00fd7b871e468f 2362279952 1493742198
3adf5f94d36c046aab7e0a8c24f5ec8a414308d292e4caedb119150c81385db1 840931105 1493742198
3ae28f2b4dfd6fbd48703a3bf6e927d35ab9d500b24fe2970b4acfd630c2401a 1746147088 1746146832 1493742198
3ae4f50f8e429f005d560aeb395827d723464e07cc199edd50b3b43496ac3276 1746866435 1746866179 1493742198
3aeb002460381c6f258e8395d3026f571f0d9a76488dcd837639b13aed316560 3223256432 3223256433 1493742198
3b031a7603451d47b2cf64d7ef330d9a107a388eff51cc5817de798e71622bee 3031674380 1493742198
3b20a6594b4c2a96f88e5e6339bebe0cb86ef5644d2231890620580046b602b3 583575929 878130376 872576176 886012768 1493742198
3b27ae9fa1037d8084afca9b47217eea07863a60b05a950ed320107cd8075083 1039651309 2110903820 1493742198
3b292611a3934a005c9b76b9f0612d9c631938df368961b6ccedf21afd9e1444 2928663217 1493742198
3b2b7246d41229ac69cb4df80f7349e61edb2888097360ffb79df0dc257a508d 1539747520 1493742198
3b2ddc6f174c6c4e3e163bbf556f5c7ad5077f3dc09ff48bb74a27062a40161d 3484132886 1209388624 1209389597 1493742198
3b3b7726f4dac62f69ff3bce248788f06d75156243ca322cb59a83b4b50846a5 3567404122 1493742198
3b503926240427bb29092110900bcfa4c42ba11f0095276f85ec8c1fa0b6650e 1493742198
3b5af154dc092e8e2b8b6171e186ca3e33428706ead672350e21be2ad09d619b 3223396173 1493742198
3b73273df28dd5aeb04403a3e3ec2246975ef607bc316e260358b252b28af875 3495095681 1493742198
3b7cae583584931060fcc5423ba8b1f8f641cfec0b58cf355dda5fbc00567404 1746148663 1746148407 1493742198
3ba0f5403736f8fb2ba5dd2e5aaea8813f7f8ed06ceef1457ef8f01a30880138 1746404641 1746404385 1493742198
3bb51da6b4404f8de98c578ac79c23ee93da2129c42342e31a85f164ad4ce375 1475500112 1493742198
3bb7b704a34ccfb00c5aea710a76a2a591317e708e9942621257dc937e4db4db 1746153093 1746153349 1493742198
3bd0ccc0bcd5e223d218677df8777546ad882c3b5c56fb8e16f566c0bf8717b2 3633458698 3633458699 1493742198
3bdae7817bed67566db3804367f72d59b2402a34ea57592369cce9bea0d05a93 1540078414 1540078350 1540078376 1540078440 1493742198
3bdf8d3b0df874b5194818b7e9161d4c60a70a0cd6369a980d22af4481b5137b 624627803 1493742198
3c0a77c51f84ef4971d724e6f502ff745e81f9e63bb605ca7a939d066d7a782c 1745940080 1745941104 1745940336 1745940848 1493742198
3c128f9e83c5e15cf73bea8a5d360db2fc8b1a74b153f0eadae7b970e2d451b4 3563238142 1493742198
3c1607a67119d2bdf4103b47ece1a8f4967df79508a2175477b013e603965962 1579183114 1493742198
3c204a6759f46ec214a08c7936edafe48bd7e74e26e17b9decb8c717ab2929eb 873504991 1493742198
3c34287e6f0b64d48ae8e4fc51dac233d7053613206a3a411fc6a427aff00b02 1493742198
3c34ce0170c66e989ecef363ef483d79f244d6e9923c46025132524a9c6fe4e5 1746652509 1746652765 1493742198
3c7790cc5ba708a74a642905e27434a39760870dc980eaa71a25fb9c8189726a 1493742198
3c7b2c3f8f512ad808df569ed5b375bdaa1ad0bf80084a4205602dced55bc273 1500280622 1493742198
3c8b2bbd5af1180dab341c61a990008400c0f4734771d1618913d1a8fa55c929 1760832001 1760832129 1493742198
3c960d5749962c2007154a4d41f5d63e6325e9eb1b50f7e9a4bfc238128ebf14 2499477608 1493742198
3c98e244ff8373e5248de2b84c15b11a0069fdc2d2ff375827f9297e75ea88d2 1158542357 1493742198
3ca20e7b973753901574e7b104a688301c05c6c6747bb5b7c08793a1bd1affaf 1746667915 1746667659 1493742198
3ca29e55be4befa48f875d24c27f9bed32fe06588819ed6264084b6670a1ebb0 874202776 1493742198
3cc11c6fb643f671e8309951be2b125a1f52d4f5ee24d404855ed3952d1f34c0 1308079462 1493742198
3ccdaf6769eb0891d1ea54cd6111d68d2625f24ebcb9969141e02748750620a6 2149632905 1493742198
3cd34182bb71e42d408f5321db02b1335a811899280fa497df0cfde6b9b19c3b 1493742198
3cd432441feeeb41cfa5c8eb76fe6a00a52996fb83ed940266d53ebfc84db88e 1541047396 1493742198
3cd4582fb34dab63c6929ea68bda1645ffb594a91c229a17fdb033662406247a 1074667660 1493742198
3cd99b63ba73317c3f81e7c0b02b1e0690361248287c0afdbc332639cc8e8db9 1482152915 1493742198
3cecba31a27426c584fd39d64b19fbcffbe03055cc041f456d322b4c64dc997b 633076791 1493742198
3d0a1b46a47f8c73816b828cbfcca12aa3a23b932fa7aae989ad204c9d8c695b 3633458698 3633458699 1493742198
3d2e1afb4f1f4683c12fa4f96a8c58bde30cc3d615dba5af5b3bc4aecd8bd9d2 34922430 1493742198
3d39778de6fe50d753c791a45fc428a4affaae675f04b6894ed3f4f79b677606 3432748317 3432748326 3432748319 3432748427 1493742198
3d3b91c0687b9ab0181b8634064bf18dcbd44ae46849796d5c7b26f3c36c4936 1746178563 1746178819 1493742198
3d4258df9f2ff2df4ce3e5b06a401121debe4a5b83915aadfaaae8182c711776 1746022194 1746021938 1493742198
3d44669042ab5907f24b182afd3c5a2f87987f2a14c6472172891ebdb0d1361a 875955453 1493742198
3d45f9172b0d482d5ef8b8bf48d165aef7c01017837ec0fc8566caecd7cec87c 1600403210 1493742198
3d59c078dc93b08036db20baf738baaa0085f00e9da03e3e901af6246776120a 2421235267 1493742198
3d5b0b99229621eed75af239d9cd3936510e275bb4bc9d1d12c362e97bc46723 1745989406 1745989662 1745988638 1745988894 1493742198
3d80486eba68118a651859fce0ef6c56e7c6058cfc84c4fba3b7911d29da060c 3277354335 1493742198
3d8a8dafe61b7077af95aca70a07608fa4bd00a55c45a0fd9aeebf7aee0777b9 1488976386 1493742198
3d9c1a51ead3aba47abdca16d800adb2d4453e98041f90b5b066264a6a12ef6d 1600404889 1493742198
3da74ddb9a732e3b1562a010bd3eff9f504edc340141976cbc7b2201cdb98f8e 873899251 919781600 1493742198
3dc2b114ef8e1c28c0832c4ee55974c474479966193e8b7ba443b35cb10998a6 872857640 917337297 1493742198
3dcb623d6ae60b8617d75e633da844644e24607ab305b8f30f745cc441e81949 3626091854 3521196366 1493742198
3dd3fe300754ee72863123579be7bd2eed79e0f5759eee893723a68edd284edf 1746405223 1746405479 1493742198
3df718b9e8e57d718f2d247a3c999451856258492f308d0a8055ce9300c1d398 885874571 583428850 1493742198
3dfcc81b5321c8ae68e904e045399ee5e6b2e6184a238de48fe3da5ffb9d3f94 3559541910 1493742198
3dfe2b05d3249cffb520a3cc825eeefa8860eac4fdaa6985218fe1ad6a2e9ecb 3393404812 1493742198
3e078e79e92fb5a6617b28d2f47f9a379ed61691ec09e616d030ae6d6dcbeb48 1127697835 1493742198
3e0c03880923a4ff8e293aa045b9d9376afbaf0898a3127a4ac2242e1542a4eb 3396084028 3396084075 1493742198
3e1d85b1561659879d4faf5a2bbf05e3cbc5edebe481ef9a6a2e2a5f6e582e70 34817468 1493742198
3e20d18214ee325b5c8f33f9bcd28c297e30dd646bf05c1506016da8a013e29e 3561841161 1493742198
3e2e0252947b2161ac3a84ba4191772af568b84aef892e19d5a53dd204528105 1746666591 1746666847 1493742198
3e3456645e0e4f90a1118b81aa704adc46a876dc998081c291db19e03dc920a7 1746530835 1746531091 1493742198
3e3c1a7263faf017c350cf4aa699b7340a1a6ec35f762c2458779c721954e405 3414306960 3414306961 1493742198
3e5c1f67bb14b5e16f7d0bb3e1e1f7db776b186ed7a0d1c0b2e2e663ac8b1c82 1815826897 1493742198
3e7e7543f93c9b7d6f0b175bd7be13d03c2cca1fac2281dbf89dfaccb0dbbd46 1746637119 1746636863 1493742198
3e7e8dfb039d8895ac3cebe7f3d21f3659f10329adda4d1d43d283909400cb9c 3627734052 1493742198
3eb2fe8d6f00dba0f737d0c6996400f0b2bd7b989f0d2922dadaaca1f3dddfe6 1844206735 1844204680 1844204689 3642166573 1493742198
3eed6268b6bfb6283ccff5f75c1c071b9f13c52bffda97c6cf91aa0f7b15946b 3246379665 1493742198
3ef1ac8df9fe85c43217e91314dbb5962015fd0ff401d04680e05d3d263f440e 782676851 1493742198
3f0ba04f9a2eb2114b6d577b19f87656baa19a05ba66f2ecab2e3891557dba6f 872617261 916836769 873748880 1493742198
3f0bf866da19196b9d157df36c04604f5ec9ac832acfbf530ae33f4e9fce7d43 3394076958 1493742198
3f0cccc832c57859f804368e3c8cdbcb6a293a1b4cd5d7d3af49c85002949ed7 3245209175 1493742198
3f0ff61dee3edd135b28f0474dae801420c735f3fda44b6856adb11e74d05682 3104690198 1493742198
3f46d9fed100ea64b924c4e0001e7b98853690708810028cf8c9dd5ad1547847 3494918155 1493742198
3f6bb099c84139a8eed17a0a19662248d5ddb202388b33c07720b59920853dbd 2539979060 2539995444 2540011828 2540028212 1493742198
3f6d1b7f3a990b5ad04e778de02b1091c29923fedcb8cb877d86e3db265d1d51 773640510 1493742198
3f8000940cf0fadc38d71054858d8f4ff7fb460c1c0b2e369d9632569e7da497 1745883613 1745883101 1745882845 1745883357 1493742198
3fbc735bc088f7bb703d53b7c94db59284b68b580255ce5ca31aa3a0ea413e8c 1746434551 1746434295 1493742198
3fc4cf21bb34465a2da9a8b9a8f727e59eb520193630e71a61a4df694a7f2393 3351677690 1493742198
3fc5bce1598ebc49f04bc7102829eedb6db530152f91f17841ce799251b33f0c 1746387486 1746387742 1493742198
3fc64b03f1658d6fb689cc0e7ddc63bc8ec557e13d246185f2921ce575ff7817 1805008530 1493742198
3fc7412221ede5175b40ed95b50b5aa1a6730e0729e69d2386b10821e387cac8 2513097231 1493742198
