Version: 1
40126b6e630ae2e3993f91b9e9ab87bae21dd19c541e80db4a52a27897aa6679 3633458698 3633458699 1493742198
4014dbc2b3c6cbee77468afc45f57debeb86bc88da37778bfe6f9f3246356356 620779299 620779283 1502741658 1493742198
4018870cec8d129e67179e63079bb38e63db1223c0e153bf5b22c2324e1892fd 1755076044 401286604 401285580 1755075020 1493742198
4027eab93a0446ebfc76b5eaf150ed6004db63f4dd598e12427e16558cca1f26 1746499108 1746498852 1493742198
402be54eca9d9645efae2a747f360076832fb8754d78f3f93d75745178aed9bc 2459185614 1493742198
403edc92c32a017da907a4b5674cabff96efb91e8e8b236d4a9b9c37919835ac 1746485512 1746485256 1493742198
40439cf000d404606b1a5c9454d33f9c67c463585a0b185c99c26b43ad9d92f7 3276923244 1493742198
4045506a516038a8695d14cd00274560b70d9bc15f1cf7653d1a8ade8b600b25 1047009145 1493742198
404cc7ec9a4743407feade8fa747c391a46880bb953cccf4700258c13dce89fc 1433808566 1493742198
407ced7f5a712cc555649853d58952fd3c4a97c04d8d89cc26b2d4f8a7b20225 2927751180 1493742198
408d5e6df52009b4bef9a18231b985745b042fba54fc59514666bafaaee6944d 708730621 1493742198
40975f1d5cef08562ad6a6fe9c6a2ebc38bfe057452a6830b4024e853b190960 1547600564 1493742198
40a6e6568a4e2a66eae7cbb5da2900a9fb83e90073af192ce7489fe2dc706b69 710985835 1493742198
40a71172231c6f5fcc05dd4411edd1622e10e1bc3aa590dfb5cf70fc2620a776 3579810841 1493742198
40aeed2dad5f8f2d9664980a72319041e58ab748d3ab82c160f667b341128be5 1607717064 1493742198
40c0a15547a7e14208f5a51ff4e79cc383216a3d2bf30926e423850cb85bc53f 1746141579 1746141835 1493742198
40c0d8be08c933a3d0c619397997861056f10584bde4bf224a6c996daec49585 1746390302 1746390046 1493742198
40c69ed52850628dedff9f2e835c13f39aea07fb256b6c0837806e51b775545c 1505380764 1493742198
40d4a03f4aff73b19905fdb3a0ef375a7afcea4daec0b361a7e3585001d9f150 1746165369 1746165625 1493742198
4105832694180b312f239df0a96c295c59b67df48f4ef5721ccf284541b96cdf 1493742198
413ac8297fa53fe20bcea505c1348071ef373ece89ac1ab87a37d8f44d60c00b 385884686 1493742198
413f604a87b6115c82e067f9060187a8c504c172cf51195e8f52772fddcb3088 1746169108 1746168852 1493742198
414972af2c0cf582fce762b196ff631ebfcb45381d99e84de1b72304d307b139 1317933847 1493742198
414c4c07471ebba2b87de6d62f0d501eca67a6927b179387bdbd874b57de8396 840350795 1493742198
415a619386a3aa626a299218eebece9837019a70ef66d560c14e567af5344ce9 1815826897 1493742198
41692ae0135953a6ce755c0541e04fbba2fb3ee4409e384d17624ed3c87bbab3 2061659578 1493742198
416c68c30eef973758a980d8ca6efb9b3a1a2495dd6c166a9b333ef80fdb839c 2804436752 1493742198
4176ca6f3f1c147e0d137347f8280fcfc3e1f439509f39581f99e7387cd90c0c 3356234812 1493742198
419204c6518513d4c1ed8f5b30da5d9130b18b8ce6e8b332805756d6104fd2da 2899907171 1493742198
41965db8f8ceac09022af950bf73568860135c540b69ffbb28b3229842403277 1138088164 3470380625 2675590682 3470380592 1493742198
41b8eeeccf9a639c9584a11cf4ace4588b9c2af233e819f03ccff59ebccc6417 1508589635 1493742198
41bce6c710cb2fe4ac845ad107f737c9dfd62730b092aaa05c526ff67acb4baa 1873532092 1493742198
41d67e397c2c4d900b5bc9af5ce53cae8f7096d64879845a9079ba5ab1a009cb 3105513775 1493742198
41feaa0c91e00ea30383634ca17ebb21132023d4428cd383a457f900497ee15f 1746489374 1746489630 1493742198
4209e2a76d3af6f4b3be40f0afa0a3da6f15571bb1eaf3619b68d0d479b6982d 872464873 873803415 876014194 1493742198
422158eb0ea1e73dc573ddcf4f0aff2a2ea0c6f2f155456b47040ec825ff98c4 1746508404 1746508148 1493742198
4224b93e8ca7ddeeb410612a699ed48ef5f26cf0458a17f8820ad13eafe60b57 885406530 912017378 885414234 1493742198
4227fddd86d7932152f360baca4c8659eb7f45aefdccec706baa8210c8e658a5 1493742198
423d86a0ec98dcddf8d2ba4e45075e9ab27d28afa1081f327173bac74b214914 3627734052 1493742198
423e8508d3412aff500198bb0d568da5493a8ec07567f9577011b9567476e005 2915133938 3716572586 1493742198
424f7bdfefc193c1affb17f489e6ffa7d9d6af86d881d9abfa7526c840ad19f3 1746516339 1746516595 1493742198
425612be72eaf4ed0f2ada3d08cbd3f22db24b2c9b5ab94b95b7f6d10909dbd3 1745893893 1745894149 1493742198
428aae1b5e25755c5048824b233cdf2530178b99def79d87e0935f4830d2a35b 3495799311 1493742198
42a708fcf339d48cd58abbf50aa5785b3b8c1dc8f886e9f27f645b0fc3a749fe 1168122390 1493742198
42b37abe05f813b12998ec15341e024d456e67039509f71380152d850a258938 1779130120 1493742198
42c22431641fb98ddcfce0aaba3a9a9420d55e3ce9e213d7a84e152316d8768b 1493742198
42ffffbf352fe501b00c2e6790a246fc7b4dc7d4bafd202bbabbcdcc28cd37c1 3202103344 1493742198
4300e498e3b11a07793225d7d26336c9b42729d4215a46196f9edf6c4e806bac 1542113390 1542113394 1542113392 1542113391 1493742198
430847a7994de5106c1105f585f18b718bb183abd5e56020afa1a79d1cee0f5b 1384790176 1493742198
430ba9361578ece7899982d5da37580678537fc8e9387c2450a4edaaaca4f3c0 1755074978 401286562 401285538 1755076002 1493742198
43128c2748a4ca621df0e0defd787e1378a02875262db886c1c9f69e40d834c4 1805130432 1493742198
4316783368b3c347f49f68ce42025e7b77bb3645efc1b20e5bff773f56ec00ed 1746188560 1746188304 1493742198
4347cf31234e6c753e2c4559997e8631b47bbd29c3caa5a37cca36272b636ce8 1476343797 3262420698 3262420696 1476343798 1493742198
434c545d0fac8b7e93b12355e442ec3f4ecfd0402aff57012d9bab9030467982 2987529880 1493742198
4359ef4eb404f64677aef0019963d95d1b62b3a33462125d41295b524f2de02e 34921517 1493742198
4370d505f7205be75cc6b3212b5d1903b25a9d224dd71bbc1c7e93bfcc88f6fb 597988025 598142595 1493742198
437279a869c24ffabbcec1ed908876368d94f5090a1a97b56aa2696cded24551 2899907171 1493742198
4385709bb891a34d8babb56b471b70e561c7142cb84760bcdef66889a3b4a2ec 392422764 1493742198
4395c07fc7aec3da333ef54f412be6189401e07bf8b8a7075a83efa21c2b35d1 1116197764 1121170923 1116195225 1121170708 1493742198
43a3968f1102185870fe99f16a5d4e5b73439d2e3c46a858cb9a33222c5bea65 3404631781 1493742198
43ab7a35e59058bc1fe70c5c8474d5b800ccc9d29cf690cf3451b2c16316222a 1493742198
43bb0a1443a941ee40563f5a4ac728b33cc364b6882f4933dbf248f90e40e2eb 1039884969 1493742198
43d0778d4c098631b397a0448d9bef9f64035f381c8a2d4e86d18ea55b596005 2715638472 1493742198
43d94999dc9a0e17d824b96770c216530b1978150bde222dbe87c2c7e383f508 1746494219 1746493963 1493742198
43ddba4bebcbb921f853673f285df4744aa5305f28db37dfa83784a64b1c4e6d 2077205712 1493742198
43e34c8b5c35c3f7da45a94e4a4545822c98b683bca4a650ccd3a81847f9d53e 1746482791 1746482535 1493742198
43f9089ef65e00b9708cd805fad1c411ee56014e7f7975486e1a606b4a29020d 783776635 1493742198
4414c97d269e904aa26eab857a65b303dd843545613afaa75f962a631d34d85c 3642011428 1493742198
44275a34c3eb285652b4e8392e7c2807c238cd1bcebb0780c6289fa680f7abea 628016610 1493742198
4440447c6e626ae73bec9751034316d1963b4961e77a1188404017604d29e658 2899907171 1493742198
4440e17ccd3031b96f67b4ced6fe7833fcb7e7622e8fa69e1e68d2933fa561e9 1746884513 1746884257 1493742198
4445c9dd6709ea386958b3ce1a8b1919ddbb508c5e1c6248a1589fda4d0d2fdf 1746193677 1746193421 1493742198
445fae6eba0f009808be581a0886123b4e493871b28ec5a77a7458cdac26a2fb 3112282906 1493742198
4465ba4006fbdadeb6ebb7c56827e37363ee71461d818668fef6d88f759d7e2c 2899907171 1493742198
44e4bbf7b5c7d9e7d9f75a6e3af2647cdc1342aedee129259bc184f466cb1199 2153749445 2153749382 2153749383 2153749446 1493742198
44efdccf77d20f154fdad6b0ddbac8585678c7b509cc6f8e1d75e8b267f7798b 1249234502 1493742198
44f7e89c8bda2388e40e39ecc3e70761a405c873c42fb7b8d0ce3a1608aee444 393197615 1493742198
45057f71cc12ba7d7486f3384c80af741fd6fadd1c8ff674a0f16cb823871528 3633458698 3633458699 1493742198
450de77f81241f8507d47afa5ac216f9719034250b1715093ada7130d2bdb972 1037555489 1493742198
45167720607878b726ad302e1e8fc5e5624f9b7d128ed2d9e7c72985d284bd3a 2540011587 2539978819 2540027971 2539995203 1493742198
451b137845581e3ab093872b43e6754f2fc5b270bae6b370f7b877eababb95fa 1731321218 3418288894 1493742198
451d78d37b63a9aec8266b47f46b471f5e028412b94b002dc578a274a1093b50 1493742198
451de8d0497b10563269e32dea4a99a714d294fb91c65ed237c1ae5837f54f6f 2372237760 2372237759 1493742198
451f1600687b0dbdad89e274f32d76e3865d75a2dfd8bb4018f964e1b2f176bc 225117855 1493742198
45202e8a9d3a16fdb3d9cbe15a9eb32a5bd2ce26f8ae2df73a2aac2137ee67fe 3434810949 1493742198
45210e8e770ede1f25d7f7d4c27918b5d7107081b093bb4574dd9172162f93fb 915756420 910501715 1493742198
4524cf1ff88ace780e49e04624c6eb5f500b514184ce0b742f028e3a46c26892 3031649547 1493742198
45278c12318c07c9572a728bd474036e5d48e95f5f992211e3e9d24af231d907 2987501938 1493742198
45289c519b64cea141ab3a09eff281d7f9872ffd77d6276fe5f55e68a9342033 873812222 1493742198
452b639043eeb61f84b44729e7410c0b5746e25fc2c55bb0741a176c8a189ef1 220246193 220246038 220246112 220246079 1493742198
45387f93480565d296e5651884b00c662dd9fd049a0b343f59e1abf699da5539 3435322908 1493742198
458464a38276b2cae036fd4f25527d208239b273a5f09a63340ef0be7b411cc3 1746638873 1746639129 1493742198
458f9c53ba8f671d8c73b49a4617abc2eb93c7fefdee11eadd4a4de23d033f91 1600402542 1493742198
45975d5e6514bd4f42b1f7039e7f1fcf4e25c7c0ac87061ce3dd5b9c0901fa02 2181959840 1493742198
45b50c0fdfe361daf0f5587b1f84534ee01f2a50476f71ccef5e1b6a08463b76 886098341 1493742198
460887444a949249a49024a76513530fc3d4680ea65ec027a02356c88b42f0a4 2824792204 1493742198
4609d127e39f7e8eef71cf16215484cf153ed5bc96d3bfd68b2e15fe8a719ba3 1745910655 1745909887 1745910143 1745910399 1493742198
462b3f0fd0f3a5a7cc33601255a32744e15d2c8afe47091cdcce9332550c5c5e 1746667750 1746668006 1493742198
462f522b66d21f498865ea46fdea047e68a43599b0ca6ab3a11ccbcbed8e70b0 3107462690 3509346620 1493742198
463c6f47fa356730f42c5797121d2ce83ceee2b1bca1ec392787e0f38417ea16 1757976247 3237795518 3322436212 3322436209 1493742198
468e0781a2adac2e7152098624d4052a3129631b377c8e23cc0843c888619d86 2540028446 2539979294 2539995678 2540012062 1493742198
46af6a81c12317d1b1be3cb6affac55ebc752bba7d0c95dcd676d2e1e1fc0170 920749439 921906219 921938806 3438077660 1493742198
46bc88bd62773db28655aff52fbe380414646fd415b8e648fe73db4092e04c4f 2540027974 2540011590 2539995206 2539978822 1493742198
46d5710873dde63da216a0f00c8a8d507d30090fff30bf338a22589a7817ba6c 3560633367 3560633935 3560633366 3560633934 1493742198
46d9cc51853215787d73520824b0ab08c8c8fa80f633b8c57363b457c561e526 1315748146 1493742198
46fea96961b9a383511e56a4f830f1b7594aef4dd206cf7584fcb68e7ec89045 1978617185 1493742198
4702afde7bff592f4cf2242c3778b6f1bcf7f29a3274de1a43e040b277ed84af 2540028143 2540011759 2539978991 2539995375 1493742198
4711ab58616ef489abd9c4008011e49647e796ffb6b2b392340ef696108344b9 1177215922 1493742198
471b85f1f7acb5dbdcc5aa1c53ff002de9cb006d531cde05c46bee3e2921b4ff 220246077 220246238 220246159 220246136 1493742198
4727900dd5ec4a1d66e4104dde3ebbf03c37529ebc65111e6abbe3c2afac6c22 1493742198
472f4a8d26f846babf42a2e25faf3fbbf166e8b2963c4462cf9a2fc27efd6297 1493742198
47392046ccdf23c9b6e1465f0afe52782a3747d21e689e780cec23c4776cde3e 1746478185 1746477929 1493742198
473ab17adc0918e26da9b66f3f2b7effe7314b6ff62c3028d221f4ffae876435 3510339130 1493742198
477d50abcc31e91d87b37acb8cbe8730cb1a20ccb5044356a442edc2c474a4f0 3064034763 1493742198
477d5de0edbbe62906f8056424e8ef7fe0b74a0547da023900e4e4d715795f04 1493742198
478e519f8384e627e0bd5afcae3a375a4dcd02b1f32895448aa77ba6e2cbf495 1365168216 1493742198
479d2603e93ecc2c4fbe119203493bcc20da5268092bf0886cd92226affac037 1138165050 1493742198
47a50ccee7330a14a26e0d075df6c78513a039369d8b4cc96c6c3e2be28d0988 877058297 911577812 1493742198
47b47f76a14bf179a3a3ba871b211dba88b9aff3d8f5eef06ebd7b9162a099b2 3629552545 1493742198
47ca377ad1cf42ef52b7cb7c289cbe87621db2c2388cb19771c58efe0d1b5a3a 3530790401 1493742198
47dd2cf1f7172c8e1a4bd1b8e146c358db85ecd0f97d4252cc539c4254185b39 1746671387 1746671131 1493742198
47f622e5698d248f24675ed14a7a904c178355556aac0e5f66a8a79735a1e21b 885982098 1493742198
47fd5bb6e41f2d808bbcf9b65ce648c6102a975180013d010a4b6681b8e8c77a 3106597899 1493742198
47ff08ed442561033baf2004f626053795c1568666b66707058c0e4563975f3c 3396077650 1493742198
4819c00d4e37584d712799ec1ff93070a385f5b23abdfaace8c6c734403bf5b1 920746993 1493742198
482a36aa583d375502fcd566989f00703b85fb8e16b8e79010fe50defbbaa8a7 1746514203 1746513947 1493742198
483009623e0f0acbdff667eae905206f6ffa5a3ea661f9fdc8e0b695a10c27c7 3393730561 1493742198
483dd50b7186f853fbe767f6789d41c3ecf4b7f93d296dfc54ad54f83608d4be 2511245454 2511233684 1074553319 3486009979 1493742198
483e90d343e144ea99e91ca62889f6d971fe79f2e38efa43bf9a04a465bc0fa8 1746432175 1746432431 1493742198
48417d319e1a7fd8962b27255045d7fe4e33192c690d52ced1443f062ce696c6 3002657664 1493742198
484780b8474ce9e4fc62426894569b0f38d78de9d650a8cc8157699548908e99 1910110052 1493742198
485a57d5ee8ac53f002e89520fce48a2b1cb381455ec7baffc755c5dc8c90307 885468936 1493742198
4862cf0dd563a0c1b7905f4cdc5a177431b0d82c2d6fd7ea7edb4b77c1cf1416 1493742198
4878e24f9b8e602a361c12de22bbc9d14903ef27581aba9583ca7819987e1708 3558865990 1493742198
4881cebfddbeefc70f363751c7ca3ceb42fa15082234c42ae583a19def50c95f 387447745 840169313 1493742198
488456942f36e1ab609831a8937af55979c2fd682de7e721405ec0ac7e7e3d68 1493742198
488757e763e4723951983099c041d7c5f183f4fcf471f07787e882de41594df2 3641493327 1493742198
48966703bf37b2883532fbac8ec8d9189bff6e7e8274e96125b0ababc7ba6014 3272633496 1370594420 3272633495 1370594421 1493742198
48a4d693cbb0eb7c5db09681ee8c7a920bcf3c368df26117aff1e7b73725c972 2540028255 2539979103 2540011871 2539995487 1493742198
48ab1b6c872033056ce3a30a82a220e1f371d12306b0c0411a671a5634d5b7e9 3628973129 1493742198
48aed7ef9ba3e6a8af0f5da90782a45c1356d558ab148cdcd7d76e673eee885b 3519557660 3519556293 1493742198
48bf93ce6376a67021edeff13584235b852ec01e188e65151fcd71f3ecfc8bcf 3584376840 1493742198
48c1899d8d172e83841b870fae33c7892eb7ba89ea07817d60352876c808d834 2663360864 1493742198
48de9242cd8882fa57686bf44b845a12fddf529bfe97967f8e9b3ea072f52971 3560633367 3560633935 3560633366 3560633934 1493742198
48eee83fedfded48ce8243e6c8813c7e1f66bcff219c090373055af080c0cc06 1815928121 1493742198
48f2d5aac6b2ab80a6b109c913980640f2d9ac612568a83525a4236ebf9e36c1 3648263939 1493742198
48f9b6e3914d1d46fed5a0b80ed9d7d3c3ffdddd9e659828ed9de2b7c9be059f 1296675211 1493742198
48fa1cbadb00fa37df2e046c29ff2a2cfb392264c5210f3eb828c168d75315ab 1209359242 1493742198
48ff6aaed0d55107704badcbce6be7da4a4a0c982cc29311e645498c18af12f0 93431905 1493742198
490ef5dbc5dcb641933b28d2405dc3919cd89175ecec77099ddd80cee1889be5 3419510882 1493742198
4912f7166455474accd0067e1ddd00435279777d7464a5fb15465a526272e084 1746866435 1746866179 1493742198
4936665ff7f0ff00527178b09d43e270c07dff7a94ab50e195048f093ddb0d3d 2977721481 1493742198
493697aff53d9419c723139e80b1d0a95f541cf27d751322f7d33f14e2abf1d9 597439866 597459682 1493742198
493e5887cad26ebe8702b41956d8f395c85d4ace2db6be8ed94b3033a123f8f9 1746204187 1746204443 1493742198
4967847bb9d2008561143a4c5176fb3b9c79ac5541c3ce0fb1cc9f5e9cb911a8 1074551226 1074548537 2511235937 2511236710 1493742198
496a9a7de0a1eb537f6db5d919ea81a0a073851a9e71ff068e38d79860307ebd 224091978 1493742198
4977a1870fe4048aff48e978d07691bea7ce006f94921dfc3ee96e6c5df3f8f1 1032119238 1493742198
49794b37f468423974338b1a4353ffced4f3dccb9bc13f717e527bc119894902 1981422152 1493742198
497db01afd72619464c33e84fc12708de921d37e46c3c7629c09b6c86a4cf93d 1745895394 1745894882 1745895650 1745895906 1493742198
49a3fe2ec6b6511e44fd1355582bde5cab0677c36aa1270e84b41196dee6f3f2 1746643560 1746643816 1493742198
49c105ee6c0ba36c68f26d2713c3d45b1c8b1e311d2e3c4d845597df66ad51cc 3031684140 1493742198
49c2f319a908e93f3d885750c888b5a2c02c3eb3bdfec05ca71baeb9abae6673 1746410787 1746410531 1493742198
49d618e618db5e9244161fb114363af9c2ec92442043be34776624db6cfd1e60 1493742198
49dea223d9f5316658cb333725ffb03cb2949c649cdb38d45b6ace30d23a036b 1742815834 1493742198
49e7aaec357e367f4297ce022884315d5dd133263ffead09c646648fe3d7b6ec 3427676754 1493742198
49f5067672285f7e56d27d88fb80df27ed6bfb1163a4fad2c7a5cd039ed8ce51 220246219 220246132 220246261 220246179 1493742198
4a173c156f369e4f1038ce80917050958c43d7b045f26e91e38c100209ef1252 634515457 1493742198
4a22423e9327f5de6ad98f983f70ee38a913efe524bfe5af87b6fdc31a934f1d 2956500105 2956500104 1493742198
4a44cd47430c9be11209ab67fe7908ecf2a0f7d8847b56b0dbe9b64468af30b1 1493742198
4a6717a10ee4e00b06ef024cffc8d79396c4ef99ddd7067ec6c6e72303da006c 2718771396 1493742198
4a68b885cbe0017f5806ac944ab01d6f981690eb0a7e412e4d031fa5f153ceb9 1493742198
4a9912c13834de069b59b02c9d508aca7ca03d7528f91b042310940648d522af 1746489112 1746488856 1493742198
4a9ad78f47ed4ab60350510b3152873038241da3da2f1f863cefb8a649845eaf 787679145 1493742198
4aa951e5af770c51a543a686b60648916530580964089ce96d8db168cef15371 678804606 1493742198
4af64c4c4f151f2920f24b999b6e10612450723ada76fe61b894fb59153af0ca 3228088273 3228088173 1493742198
4b02306e049e3ac4b704df4278660a9a0546c8de83c6edca9fd99a376cdee87d 2684195592 1493742198
4b0cc119b23bc6e3a47053b94147d87f1bc73debc55b1e0d17c8dee52fa3cf19 3645522199 1493742198
4b21fcc99300dfd9c5738746c59e72ecea02754432b5a93c5e04ff852bfb093e 3322657870 3322657867 1493742198
4b4b8c8abd316e3e481608f61f9498d2fc311509ad9a886b3bf727d9b19b5328 1805281811 1805281555 1493742198
4b57d23b3d3c802a9e97cf0a642ae1ff68a24b181855f04b4e73d6a81c706e92 921921447 1796565909 1493742198
4b685564788ca976e08190c1ef71b3cd9b7d8806aae91739d2c3f2a9a356640f 220246213 220246026 220246238 220246248 1493742198
4b8f1f09bc2a7e283190555be815c7f9947157052c31f9d8c92e98869cbfd5e8 386595256 385920530 1493742198
4b9aea222da267f495f2400728f08693b2d3d91bb7d77df5d3e739fc8a2a83b8 1211369669 1493742198
4ba362da7846ab8edb9be12089513ae89b9ec13130d1512874201b05256df34d 886629242 1493742198
4ba4446acb9e4c00d3decf9d0254a831cbe9bc1b0562d6cf6bb1604f8eb71271 3232406644 1493742198
4bb2339c66842461521109a766dfa9c4eb2cb9c4362150b7a2b3f6ccf2f396b9 2990500036 1493742198
4bd97549138ffea992da0a50126082e450097f38542d691b985ae4eb53506001 1746152245 1746151989 1493742198
4bdfc0ead7cdf50fed0b53a8e7bdce195fa0f0116941a4fb1aacdf6f30c00143 645317425 1493742198
4bf549932c3e64ea9157d6bc943136113fed91dccd4dc96e068851506a8e0bac 1357348605 1493742198
4bfa20489573d8815717b3d9e79997070bf65e564d47fc80040d89be3935c174 2426444587 2426414122 1493742198
4bfc3fd6e92d1605f9d43a8be4db1c69245561cf3e5769ee6d7518446d01cbf9 2921654408 1493742198
4c247bf19dabb839a53a902198d53ae2c5d62d6b0f81143a4292709ba69def70 2995056674 1493742198
4c3d599082f030156506e8a731a2a53de1bd6131717f4e4d335ce97288f78183 3414308879 1902852112 2061823760 1493742198
4c5a77cfee1cca4a2231d99f95001527b1cf7b8cc2588c48610ef9a3d503adcd 874708932 874708930 874708931 1493742198
4c5e3870c9750abcf9e491cd58f1c229e01c3cdbed37058f644d5f1ca073f986 3458201755 1493742198
4c6d05f2e3c50f35ca14f23d06e439789a3d8ce1fd321e117c0bfb23cbdc1faa 1297626946 100663045 100663095 1297626935 1493742198
4c79a4c8ca9eed765dc96bfb27776e71b150ea93347f9b30a0e2ff3c12d748d2 1049985181 1049985184 1049985190 1049985187 1493742198
4c96b4531703d9738551287736af5df21211a0e8fd5ebb79b1bafbd7a85b3c0a 2915773562 1493742198
4ca446d56a4319d585202cbc80adafbc59f66eb0e2b4bb8606cc90fb9ce40e8f 3343923191 1493742198
4cdf6d28150111fd4b097a8c83bcc3a4a7b9cf9a71d8f0cf28c480a4ee1afa3d 1590165396 1493742198
4ce2af79d4271a3da53b794d52971c14d9623ab6b8fa1dae7eb752bac80468ef 532706484 1493742198
4cf04fdf1c8c28ca8a91556566913733caa39f37c15eb07577836c022ed5198e 1602456917 1493742198
4cf44e22553cf2b34fdcb405e8f532738b617d90a36316bde29b5156c665efd0 84627751 84627859 1493742198
4cfdf53f244eb768bc0790501b66ab1fe47ed6cd8a16d3e661dcf41b4b3e623d 1746516589 1746516333 1493742198
4d0a8af5e5fd8f4542830413f77b734957226e162748baad38336a718825395d 220243654 1493742198
4d13e80e6cd7863d836618a0ee08e9f4b66d28671b9ec942f2b648177e9f83e7 3487910261 3487910262 1493742198
4d3d58044d2911d4c2dbba9ac03caf73ab031c3fe6e292cf54b26b4d332156f5 1600403909 1493742198
4d426784aceeb9d7df094bd3a27387651a952023e5c5fa071dc4678751850c0e 1493742198
4d85fb877a7dda26a489315d882f47c9e0bfa85cc45d9e419ed404b501f3d39b 2891804130 1493742198
4dad49005aee1e797598ea74380e69b86b38084b763b00166741c1d7bb8c4c32 3494918155 1493742198
4db297a4c73fa253f97f31b562be9dd9349ad26f93c44ebcd0c2a742426d56ba 2879382678 2879493270 1493742198
4db4b49a5a32046d7842cc193d5e7a9139c91f8a4d30a1295f783a51c8e8ebac 1433345647 1493742198
4dc3a769398cc02559fd9f4d955613e86e7c8a02818f430fd61960152e7b8072 2899907182 1493742198
4dd3b931fbd701aaaea8daa4e9a95ed710d46d7fd742ec2128e1bb53fb15d6ff 3280582759 1493742198
4de37533c41ad35fcdde11d42e01d20bbb95c4039242688080254c5f3230d9e8 1746533235 1746533491 1493742198
4deadc370127464c6d1ce99167fc1e8150d5450488ee61db8852399fb1959cd7 3002657346 1493742198
4dfe65f6097c4cffc41bb31a4833d1968109a651bc81cbf8280239cc8560884e 1746372881 1746373137 1493742198
4e10d34466732e22a5ffca0e8ece44a7e8f0c16986d2e947ac5681eba796ef58 624578564 1493742198
4e15c1c080059c4200982815ffee1c909c89254d9eca73bb8ef6b5247518cc46 1599416279 1599413383 1493742198
4e2130b14a9f8dfd70df580bea08141bfa2ec9ac72000ccdabcd745b00772618 1746433187 1746433443 1493742198
4e23bb141ba4edbbdf78874618d179d8caec891238e4d29aa1c3906a27118b7f 3631469262 1493742198
4e36323628cf34022513648e46836d3059e6eea2e18c9733e3162694dfdc9647 1746640587 1746640843 1493742198
4e3e0ef8af058e584a8b0d77d7f9763afa8f389927308a6119ba69fa5ec5be02 1118796236 1493742198
4e4e9378dbdeb9b121d2e0bc443ab20c207d839aa17b5e2c49db563dce1d3726 1158940919 1493742198
4e5d7a65e644ab5a3c84ffbe6fed9915071cc17175704404714b20a822326cac 2343562352 1493742198
4e60d0b00533e8aedbb7c64a1c3b85017ad19e8a0401e63855b29457222ec1e1 2899907171 1493742198
4e68a59badb8e21f51be6eb1cccd12fc5dabf904746ea1d8f110c78b677a2770 920749771 1493742198
4e9c56e8124b85f9b880b4ce6c5d1673403c8d7cf3fa0c9a947ccd8aafc057be 1493742198
4eadc9eb2627e85be8e3be7a1febffbf577955e1d82c0d42caa4cd3c20966301 2429875217 2429846033 1493742198
4eb3bd25e1741150e36930efc23183b8f8c64c32b290f2c37b8a04f8b01511b4 874369134 1493742198
4eb7b8920c3c4e75477ba1b1d60d3bd218a09f92da07387ddcb3aeab69f881c7 885783500 885732798 1493742198
4ec28afed6e664bb2eccf69882209bba8240305422e42cf7195317af13823d95 1746666108 1746666364 1493742198
4ecce9bce9d513e1af1882bad52dec69d68aee2333a467942bf98e75fba35947 1745894649 1745894393 1745894137 1745895161 1493742198
4ede07881242ee2c8e06cb56f50fcbaa119eea396797377bc329b97658c78380 1493742198
4eded99890249141acaff526665983717afb9cb7e97ea116707d1d8c42f99153 1490028810 1493742198
4ef41f2e4b5119b142a6bd575f1de8ecbbee013514ef6a6c8d46fa8575852383 386595219 386595209 1493742198
4f45ed2b4a2abdc2873b07217a49ae1122516c8a1064c0a4baee694c64849f9a 1360526113 1493742198
4f541963e6f37fd7cd13955eea014d81e4bcb05ae683fdb5feb6f60d1b922c4c 1746202134 1746202390 1493742198
4f667eaa16cfa5ff4cb6005ed638ecd51b651435c6cc6725f623ffbbe3d6247d 2899907177 1493742198
4f6f16d35534639cd5a799584fa1cee4cd1e96de49f14c8c9cba3b7897ff393b 3120735166 1493742198
4f71e9b95b1027929075ff597077b863959fdd4a2b5e11ef028627d707ec99fc 3407349549 1493742198
4fa6f0832c804e01aa853d34f2ac0e7fd70bbe24203e12929bcb8935878d0157 3633458698 3633458699 1493742198
4fac32bfe66d9023bc3485823ba72a7393197398c95142ad19827495b7697d9a 3238046231 3238046232 1493742198
4fbf55fda5dafa8a96375e23ee742707d237afedde08cd45fada994d4fc8874c 3322657870 3322657867 1493742198
4fd4953262e1d871a1e712f2b5d4526e1dbdfb8f60a0da37a5bbbe2f569638f7 1315746671 1493742198
4fd6caefad5fb27e1b5e550311bcf05ae503c177ebe4e02f18beaee2ca93bbd9 220246269 220246096 220246080 220246131 1493742198
4fe172aa9cd13655edcbb74e5662d4246ba974d9400cc6b232a540590d2e8567 1921405090 1493742198
4fed9ca328346689995dce6170d3fb3d2ba41da666771ffc1ca77fc4c6cc9c03 1493742198
