Version: 2
5000eb3ecaaa0dbe2d070dfc2fe655f13f59e41ca35ea4fc7135e495653cd143 2321877348 1493742198
5001e98d869af44bb1e7a6ca1d62c70b9add6cb5bab7a1923868d45dd053dba1 1089377145 1089377146 1493742198
500b62f94e2fc06413e4431604d3d825bfeffb79451ad6da0805e78b7bde995b 3527277395 1493742198
5014ce8e7589f61a6206b0c8967d7691006412dce20c77b722e40554125cc5ec 2605070105 2605067289 1493742198
5030a5edb26b7e195797240f520181ac527e12cfc6f9f2330ea6af2a2df9f862 992669962 1493742198
504e189347bdd560bcf22bc7a383780836c649ec8e02d2b5c0e2ef372cb6241d 1745900788 1745900532 1745901556 1745901044 1493742198
5051ea76c42e9d4af432c2e605b0b45371d3dd06f2d009bd12c04f62641a7205 1542141005 1493742198
50545b84a8b78db8cad68606bf78d5be288401cd53af138fa7870c555829f340 921497289 846238174 1493742198
5063c770fbe0d233ca7954371170dae69319e422f6aa76d50fadd977e08c94b7 921639412 921639396 921639430 1493742198
506fe87f2fff3b93676f7fe36cbaffbed21bf62033c26dc855b1f13cacaa943a 1602455632 1493742198
511d98027550ba80e25649de5acb8f853f3431d84ec9a05c8536d3a19de50b78 2649752084 1493742198
513aad9a741ff857053e170a4956bd0c67e8c4fdcbeb213e654bbf6fb0a342a1 1746150263 1746150007 1493742198
51520ecfd21df2b2134fa1f42129ab33741d28c7d8732d14dc45ac283368b9d4 3229415690 1493742198
5184fbba767e097c6b27de282c6b2bb98bddaa0b896331d4d32feb5c9de3052a 1707715813 1493742198
5190acd517f4ef35523ab49cfa66d48e6ce2047c8b04ffa428e5885b9b244ae3 786802355 786802353 786802721 1493742198
519db4ade9501a4f898e0728bceb85d17132870b88df34f4575479448555337e 3627734052 1493742198
51ba5407644b4db2629255770dd53f763de8de4f87eb6d16d3860a52f6a24fb6 1607682049 1493742198
51ccbb5719a2468b22c05c7d17316182bb9392be7b0d42366e7759d4c73ce355 2513092796 1493742198
51da533fac5106b90aa4f278e4f4a797e7e95d0154ab5c079e2fd7f3a1a9e121 1745914294 1745913270 1745913782 1745913526 1493742198
51e6e4ad4531b37ee9fef17aa893ee6b58a3e735507222f39b7bae16aea82aef 2758027290 1493742198
52130aa00f48271b0262aab17446e0688ed34e0fac7283e4c6905ccbb48d22cb 1542206282 1493742198
521e02fbd1cc72b5b8dce8e690f98d5813bacee13383ecf5f15c1674056281cf 2513092796 1493742198
522be8d57a926f158b70ac05dea9eda7406147a73bd2c6c3487ebf2216fedf45 1055984917 1055984916 1055984920 1055984665 1493742198
5234d188cfdfe86d596613e04eb2e96c7c1b0e972a4daf90330563b13b26cbc7 1746485512 1746485256 1493742198
523c422ef79d5df89ab37c82a726f55fef1844ea91b7f28ecbdf1c37e59d1611 3239895496 1493742198
5248d176ec651f29f968e9729c734cb92a840d8c31fb8c06028ed1c24422e81a 1481987206 1493742198
525b16a7501af5ff1eadb0236ffbdc9ad8296384af726d5f75a6f48a8fca73bb 3579825705 3579825706 1493742198
529ad653a6c9a74ac87c3cf544527940b6c9031a3c29bb461337390324080588 921046986 921046997 921047019 921046922 1493742198
529b75e0d5ddff70f6a5cec41c26c0fe4b6885acb9b25c64762584b1c148fe0f 911161804 876611654 1493742198
52b0138704e970c12e7d9772b7afc582b1f0be487695856fb2135d764b51e9f9 1493742198
52b79e5b87c22cf4401e0d804987c8deaee9658ea9590ade5293578b7bd2ca47 1795582989 1795583708 1795582980 1795582988 1493742198
52c6e33fa4e0b612fcaa7e20b237fcd861d57cfdac57c0db9ad923fdbca82f27 773772067 773772066 1493742198
52c6f20dd078ffd9a0e9668e16ee608ccd37d6052ae75b9523703588ef272a3a 2130706433 1493742198
52e2d07908861bb9482157654a76e037d5240c66b865bca3dd075d452df18aca 1317846758 1317844407 1493742198
52e51daf2efb3f3e5d192112aea5b9a6a1582678791b11904b32cedc10ce93dc 875379383 878051439 1493742198
52e67b8e1db33058531a6fc9c014b4cead88f279b64d038dcccdf54b32e1e564 3641999971 1493742198
52fea99fade21649976da8e873e148297284eb0d93ecb44832f9359a6c417571 1075765494 1493742198
53098e5dccbbbff90da00f40ac306e68227f33b5fbdc402ffb2a8b2b7563edbe 3254555788 3254551842 1493742198
530e4bdf7bbe99913645786acdff576b4551e2a090dd0a0b2f8fc341f7c9223a 2011949837 1493742198
53193994ec9a9c6bb5c9f850d56b4cc5fe57685242b6c95cd723c5bf513f6e2a 840130657 1493742198
53256a62d2a895dad5a17cb38398c39a66816d3c537f7029f9bc713f76c7b844 1757705343 1493742198
5328213c01d8e00d9948cd71d1f60a56b7a32dff1234d0e9a17ff4d95bc50df1 35035165 1493742198
532eb8daa1a713dad81896ecb7cfcd8ed59f6da60640ab4c9b6e1d43b87af150 2111102114 1493742198
535b2463f0b122f4871aa08e0b10239565c56a0ceff3ea88420f4f178e77b5a1 1746671618 1746671874 1493742198
53658823cd1ee0f4353a6665e096d272690f44d0e9f449e61890797575058d4a 3031658546 1493742198
53671cc78874a280226ce8a3d457faeb6352f434915470f572b109b48e5b7431 1746532620 1746532364 1493742198
5372bb06b9deb72e5ddd2b67fa8b97d6ae7c106d9baef0595cd6df8444919b3a 1357348605 1493742198
5381b4a2d7e65a479f8d76409ea0419d7fbdcc85362c809ac76251e9a1d5f4f5 1589023407 1493742198
5382a8b94e45b8009dc0094a939e424059fbee4536c5ee4149cca178215ef79b 3002658116 1493742198
53949364688257fe881fa3c589b131ec14998ba3918d97d40abe45b43fbcda53 2899907171 1493742198
53e17910d4daf4fa4cebee18caeef7c55a46092af9b73f2a66b0760df1469ee1 1805282344 1805282856 1493742198
53e50255a89ef395328529c24ce9a320ab5271c70f4515772cd21c93e1e02687 876011543 916827962 917269149 875333954 1493742198
53f2b74ff822a5416b1cf8257b0619841313c200a659d2977aae0106168dcb5e 872452764 583969231 878073027 1493742198
5403d9df3571789a503a7900e2bf3b4024121531f57c0e9a1441fdfa49de9893 3641539679 3641539680 1493742198
54213cff7b109975e27f5608eeab7e24581c3d1e1669b2bccd7b6f9a5175c71f 2539978956 2540028108 2539995340 2540011724 1493742198
543e8e91faa20783fac6929f60cd4cf2536c61bc12fbfc0b7e03c54a90681216 624632192 1493742198
544a331adc33c2dcfccdb3b13368c8ebe3368334b757a2647640f820359447e6 877329162 886888812 1493742198
547423726c984531463f2d20fe46755f707f4e201e5c24aefc28d52a46509b80 3280890694 1493742198
548bf482474c1c94b7a5d8699da1533b1c5ea2327f576147604fac2795a146b4 1893154553 608328615 1969647407 1493742198
54946d25c814e37faf7e4b9d79ef46f9e79e61d8900487b8a2f57590a966cc29 977083766 1493742198
549de42c34b1923ec8b907b1160765c9eb18e949d1bbf2b52da1ba701675c428 1347291713 1493742198
54b861b65015e69f68dab2108a9c5142b6ea35e04323512eba6d238b1cbb8b1b 885369658 1493742198
54c5a8c1394057906a0b50538873d6a489337389dc52ed0f07ae1f5296d10cd8 2899907171 1493742198
54c5e7627f99159068a451f6d23cb8b40b5b702864c4e5da67ca25aee842ed46 1746644587 1746644843 1493742198
54ce51690238cecc07b4045b1f945e1de913e7c266911b61a6bdd5a8d9f0d65e 3630749352 1493742198
54d6632470b38d497067fcccc9a0e21a2ac38f26c0c5943af5ea2d5223bd47a6 1746484254 1746484510 1493742198
54e05301edf8cee2480967169488ebc5644fda776d64ba3a0c2f62b0d627ab26 2070362379 1493742198
54fe80260f28c3c6f9f9352fa69312c67dc98c24b1d7708d21316b7d6a07c6b7 1786292035 1493742198
5514b804266ad9de5b46605aeb2963deeea4f2ac0ddb995a6f5ae937ab30aebe 1493742198
551e18337c54827aa182de2b1148c85ee9e6ff9ae13fbe11e4dc8c62056fe076 2499507476 1493742198
5533993e7a27aab86d6b7a64ab2a9829f21f7286f4d689b3836a14152a5bca39 2899907177 1493742198
553779e2ea1131255a2ff7c0d3302c9fc24a464dcae3628f54ceacdb98cef0a9 3077439639 3077439511 1493742198
55379fc72f7380dd5a5d16860958f9268d59f917e79fac98e277090ca530fa70 3736764986 1711200266 1698754462 1493742198
55468c56d8840c9e46271ee0243349874d8fddf88cb5eb38bd94ecb7e056b412 1746150380 1746150124 1493742198
5546c2666f9412fcffa229659ab269773c72e524d12a9b62cce9ae9e87e2ced6 3328691726 1493742198
554721d9d7431afc36b927965b533497a77053438c390730deb18b37c494bb64 1075385816 1493742198
5563218115beb2ab9978d37b8b92944c6604c10d25da388cd2f1964cfed13310 3585745186 1493742198
5570a3f98a408f7052436ce2f4499e4baaba975ad1db6e6ef06c9e5d58676fc4 2328462698 1493742198
557d869156b3d58bf9e281d8885ab714771aedb1d80cc02731a4c9a03149eb5a 3035204003 1493742198
55ab1f730c725a447bb1ef8d75f14913bdb38cc38af612b40a034c17ca929579 1158294231 1493742198
55c0b066a9bcec1c4569745017418e246674a65b0d396793db122cf2f770b7b9 385920536 385920522 1493742198
55c36af6eeae67b83adc3c413781664205d32593561d619d19b789f855f57a03 2899907171 1493742198
55c4b02acc0e3fc29c0e20bc19add3bcd7197b5cc0081839fc4c266f582be009 1037842951 1037842968 1493742198
55c5f82b694d51d53f4efb151e34e477fa85d3e3f7c49f372c4707947b583d41 885289034 910214804 1493742198
5601dbdbe427de790da3a44b7d9af4433218a1a88e6da478a15deca73537a25b 1746145170 1746144914 1493742198
5603d55f0ab26dfebe871019ef2c8f8b5f790a153bb0fe5b19ec17bd7d5fd1aa 390774018 1493742198
561fee85c2d4a56c8fa4ee1c95d037f029f0ad92c93bf27a1c5dd3afe63d1f53 1746524771 1746524515 1493742198
5620ac87706c1d2dd1ba340b89c8161c63ff9fa2121d398bf6c3c8fde8bb3a69 1936771998 1493742198
5638e4f7b767df8c1505414ed6696cdda7820d8632a46701a1edfbaff874a947 2090418276 1493742198
564899cbb1805ef604914c572d8584d96329825d5a9938d572b97f22efd873ba 1493742198
567781ccbefdc0323592b315e4d3bc081d41ba6fd550430e00226d5a6b56c998 783783577 1493742198
5679b64e834a0f6e9870b375d2621ecfa681f6103a541ecc20c5df328742732f 1432275316 1493742198
56b15f16305cefd73eef55faaa866aac146f3608dc344f52c3a6b27c3ddaea3c 1571721503 1493742198
56c636f44f1e9fa270a1295e1a32799125fa76d78ff4ddbf3a81cb16c7b380c2 3627135009 1493742198
56ce7731ba68ea1f3ade74c83cbea3c77766dd5b5afe6f5ba2e592399d6cb92f 3254905894 1493742198
56da903636f4bafae9f87965dab3041dc88ed10af68db418cc70b7b949fbdbde 2948856317 1493742198
56e2ec6d17a30c7e07aae1292db0c8bd55659fea025f9212cc73b18fea6bcf90 910691866 1493742198
56e4437996225c2977a013690d994a65ac4305930173cde9ee8a6f9b03088085 1746026451 1746026195 1493742198
56fb2cc1c3afee734c6175cfb71b1cc18e433d8e762fa7685903982415275784 1745889059 1745889315 1493742198
56fd43f5f8a56be2ee8c2a8cabd337a2b85f5ce3e5f2b41ae74a136d50690eef 1540573674 1539518963 1493742198
57208346f14e151eec4d62a937c5695b7e24e0be6d19c5681b47a1521c123094 3510846920 1493742198
57252c29d7d2fddc0101b931f2e652126a9f7db2c8918ea27383ccb8ca8da006 2096358603 1493742198
57346d9f5093f0ec8ee52733fb8b50ff91c81d2868c7b58cdaa31b90ef035ee7 2008837360 3061191268 1493742198
5742fab62d9da1282682886e3b8b90f36c857e5feed9c76158f45c5999deb633 1746650461 1746650717 1493742198
574cbb327570be709950a11ca67d412785ffa64724397f1d3d2ecca24ebf2685 1745916657 1745916913 1493742198
574f03a0f5bc3709a717e231a726635d10492d504c5a4f840107dd98a32bcaa3 918276299 1493742198
575881c3c837bfca40c0604a2f56e5e88c4c3d7def7ebe6baf652b716acaa108 3429571389 1493742198
575cbd4a4ef5a6298e5c05ef1aecfc451e2800fe15548b8979073de7970b8663 2016931513 1493742198
5767c89558b66264be244578a6912aa2dc59459c238e38c6a8c3fb8eaeb6772e 2725449818 2725498970 2310819930 1493742198
5785e90af4627cfa239139c5469a9504798e50d5bf685906c4e7895cdfde9d08 1968046796 1493742198
579b7550e9c5c9fee6bda47209e503f919dd12a986959a9e6b734224f50ca5ab 1306495112 1493742198
57ab0e1290faad89a3cb2d97aa1833f3c1f068d8b5574cf31cc0fce3badfc8ad 3221242370 1493742198
57b39c5557fb9ace5a7f27395abebf4a957f80c3f63dece25f11938a7855e0e9 3533509439 1493742198
57b8a20d228e9750f0016c8c909dd1a08c644fa853ed67dbab55107e828e02d3 2688863725 1493742198
57d05252159035827e85108a9248bd179d730aaa9fc50b54f54c3653cff42a1f 1218886295 1493742198
57e58bd6ac750041967f60fc3cab4cf0306888d1363aefaf27c46d1faf9d6320 3264844136 1493742198
580e2d426e7e874947bf69150ccc25a67f508c619254c661ea71bdd755a8bd4d 34921612 1493742198
58339ea9dc7b67b427d18b080ff5cddd726b8fa18c8faf559b61093f36ebcf72 2656382579 1493742198
5847326e94697b8094cd5fbe6ee6e1c8fb6ce7603498d0f546c639d1fa78d4a2 2994503952 2994503948 2994503950 1493742198
58642d85a7865933a85e112ecd464f6cdbae4716b504141bdc107113d0c16c17 1796672626 1493742198
586e5aec4fa6e1d4ab89608cee825f43c272de1c1db26d2a786df47a793b53bb 840162092 921424513 1493742198
5877253006aacf211dfbd54b0d3d4744e78d9da0bf0c66b4f0bb121e6069bf97 1745882291 1745882547 1745882803 1745883315 1493742198
5877f91c9294e9c15d5209d07d3db1520dc22f8b51178844d35c08b47c3b63af 2362288702 1493742198
5884fd512d9c58d9fef904ae555daacc8ae620d5b2b8f0c93f03f2528528ee1e 1126893504 1493742198
5898adc9c9e6aeef458520998556adaf5cda0a0207a99d24529c4c79cad000b8 1745883777 1745883521 1745883009 1745883265 1493742198
58a042fdfa1c6be4b25d328eb42e9fd2f5158a208b530d1e1a9cfbb215c56b52 3371973712 1493742198
58a5b0d0429ed1493d4282b8f5928062874c5f8256c30212a742d19e03a0cc76 3273334768 3273334778 1493742198
58aa2447416957c2d1a0f9f3d237c379913923c50b608e3b1871643b7b28eb34 2539995616 2540028384 2539979232 2540012000 1493742198
58f7a0f46ab9bacd21c2f2c823b10e83950651f1424a46ece1efea4bfef3a44b 1579090000 1493742198
58fcb35d02853a4e8bec5731a7921c903a2c3fa28cf42785c15562866f6da31a 921949885 387272503 916716324 1493742198
590d6f7c6fd82c35f3e378ed486618c84397482875ed7c68f510576410abbff0 1848481748 1848481746 1848481747 1493742198
59113698350f538a09cc3181a53c73972f630136af0a40cc943dec0c5659371f 3221245728 3221245729 1493742198
591528695f49ee5a284049f3d2554b1bd17e041e4f4d2d5b9daac37925ed18d9 1358381594 1493742198
594200a4f317bee973cfee5c0108597f4894fc955f07d171f79e46e6dc90c849 1075766390 1493742198
5943f43f5a040c3bb6886c913cf605e85b9c60b4db385978848f773dcdd25f92 1390319746 1493742198
5960ce74863899b659e37a9edc6329298e27e5d0f42d1ad4332fdce014f62688 1433674244 1493742198
5974d72a40c14e95fc37fb895887c4fd1e8421e01f2b5c92fdd09ba8667db5e5 520568294 773033150 773032570 1360076566 1493742198
59956d38b1877fbd4ef7d10dfbf08f36d66fba28a619449be0b7d2581eb0b410 1762976031 1762975775 1493742198
599a8e5d155625cba44b8c4295f827fdffdde1a1ca9470a3be41f739ebcf28cb 760188343 1493742198
599f3f04eb6c0c71dd085fd477d7d9a53ea057020263d8c5337e805d97a017c7 2101356945 2101357014 1493742198
59cc8034034f7205a42c7a71b8139d3e134ab29e0daa5932e58cf6ac0e920d82 1746885670 1746885926 1493742198
59cea6c9ea7989fb090f70ef946bbb7ca3f8796cd6d63f4e8298145afdfd632f 2539994305 1493742198
59d48bfc4e0045b94a68f7ad75a2aa3b24630a6ec6849af5d65751aea9fce887 2899907171 1493742198
59e45a4c81e3c1a1c60b22855c56a73e334560bf0fd25d8e53ad9b99e5915b1f 3399633154 1493742198
5a1bbb92ad407b927d8c23fdc014ebfc760d9fa3cf9e32ffb8bdb3ac4ea4dfa9 1600402547 1493742198
5a208d91f3af340158f8f51663a336b96c197a5100af887bed2ac5675e6355fa 2671178416 1493742198
5a3025eaf8ca273ea2135979d17255114cac8df38f5448553aa8fad52530cb0c 1137178639 1137178638 1493742198
5a44c25039147fd0b153250ebc56f9566d157ea36fbc0d8cf3faf55092154eba 3279947910 1493742198
5a60b19b71b9835e8a5417ffbaa337ac1c2836322a430726e8e24a776285ac77 2899907171 1493742198
5a62b57616692c29af2d5e42f4b547fa449e9c04032c625d6c6d22ca493334ff 3270332832 1493742198
5a7f31e5c28e15259f027d37ea2647274e8a7f20ea77931001d8178501da0ce7 2899907171 1493742198
5a94196aae92e31d9bb4eeca09e553acdc56138457cbf892d2fe1dbec7398217 1745941550 1745941806 1745941252 1745941038 1493742198
5aa83a03ef2276fdddb8782896cf0ad8b37c113b0cdea0ede191715b4b5cf8ef 1867181772 1493742198
5aab0f3791351bc9f8b9ee0bb9918ef506817cc145238a6dec82e3bb724e0127 1466103330 1493742198
5aac97b95bdb3cc27a96a88db86851cab3176e860980e8eae0c47d053fbaa125 1019727920 1493742198
5acb4021c5ed53ef59c432f4e8e9810c26a592140c5b24daf52d93d4054899b5 1493742198
5acba056cdf35b711537c223fcf7a0e7b177d5cf91136be26178b95809e0d4f9 385920531 386595243 1493742198
5adc5e29062a1f1033dacf3a1a9da381040901870af099a51856684f0c63548f 1533175677 1493742198
5ade4ea2692cb4695b280d1293e9ab6882c751ebb1f8310e26763558e23ebdd3 872761688 876044148 1493742198
5adf3dae96931fc8daa42d1c64b0089827f9f3a892baa1b7f2669478da0a3fc1 1333541684 1493742198
5b646d06e65d574b47d726c232c8f85072690fa6a53a4a28cf69e2c510e9519e 1998336239 762398330 1493742198
5b6be3593f4c3ac5b35ddb11821da1ed96f592008646f150419a06e48c40b753 3236274800 3236279920 3236281615 1493742198
5b70af0773612e101b672169070d1618c1338f427866e6267857a1e5f3692ef1 2513092796 1493742198
5b9466fa1fcc7d8063998f21e2fdae35c9fa45c19be5ecf8f5fe5440563cf630 2160454660 1493742198
5b9e95de6ccf0f52ed496b9ca46f29631fc31db01173736c3e4976a961edfa4a 1746433907 1746433651 1493742198
5ba01fb8f9605384f197ef08bf25d594379d1a4b8b2979e8c3de3d741827a8fd 3559542012 3559542013 1493742198
5ba5d244a108e81e74225ce21e6a5af0293d266d53f492e1d2d0b7ed19994c27 3583164292 2500230788 1493742198
5bb3819584d6c22d99943da549e98ca347ec4df2f1cce1a35a8260b5db34fd35 1123968908 1493742198
5bc26a01a5857dae98c811d9d15a76cc412c1365f9146e6698d1c8cf664770a7 3539109635 3539109636 1493742198
5bd5bb8624bb3ee965687e65777584b65865a6b59cc485ce32905754b5086229 1385289521 1493742198
5bd5de3c948fd323852cb992dada82a9898ea22e8be539c06aeef4a1092819b8 2539979042 2540011810 2539995426 2540028194 1493742198
5be2ec449dff73b5f86c3d7dc51ed44e2d8e808294693e012e15180d74a8de45 1746141334 1746141590 1493742198
5be4b65d9f1f4af0bacf5e803cf300a746d9e8f58786ce434cc3aecc1ac78ef8 3031655501 1493742198
5be84240f7ecd31970ac0ad70b4991d16728a04b09883a9fef620a8fe842e105 3518080004 1493742198
5bf53477c8108bd7e21e77cee91c06efe0b28b3783d37a57445768017051e1de 2809315287 1493742198
5bf77f6912dda5be321d8872cb67f6c2958489925b085c1f2c992649adf8f9a5 1746181932 1746181676 1493742198
5bf8b58f6a7bc9d29aa1977f7b06697898253077730b2ddf883b171a7fefcffb 918559696 918559493 918559526 918559519 1493742198
5bfe40c937f35e7b9ef1c5425e4ed849fa4cf1ea695c47df73e004d03a3336b0 2362289666 714902540 1493742198
5c12f03c96e1a340c5689f558796c80c30cbe2cc7a7e7b9ba96e2f8e5d425052 2899907171 1493742198
5c1cea6024f60568273ba7bb863323e566d04830e0c5046ff23a5f38f368fad3 1728446466 1728446479 1728446467 1493742198
5c3527360b287e18addaac7e7957836bab55feb7c8eb7e9af558442974f861b9 921137865 1493742198
5c477ae8850fb16794998ff46c2c24a26a40c81db6058cbaef44b12cd0579cd8 1745921935 1745922191 1745922447 1745921679 1493742198
5c765ad1636c3607dfe495fbf66600250f38fffd07d3f5a18bde5611d726f31f 1746672337 1746672593 1493742198
5c8cb0a43af5ab58988dd1e6757c609e1ac2d41e6a64e60de0eba1d6b26a1c2c 3492497287 772031246 772030102 772031119 1493742198
5c9300400a4a6d2ae9af96522f64faa957c5921085949f55e198d66284acaa1e 3484132886 1209388624 1209389597 1493742198
5ca6c148a9db733172d15180327b28f7b64555ebb0bfc2dd7bc5fcea60aa3023 3560280591 1493742198
5cb66a01389ae5881a2923e0304e6f719c7292303328db958fa48f932a27222f 1493742198
5cdcb58b52b687858432a6a199c27c2cd2e7b033c81b7c53d51821662a6087de 3544775710 1493742198
5ce1269aa878bd06837f3684fe10800ed3cd49eb3f788197c66b03e3d9286c8c 1746405466 1746405722 1493742198
5cf95fa4c65d2a9934a19621b0815c9d13de5ebedafa39da2d0a198aefdb9d75 1746472480 1746472736 1493742198
5cffcb6de59d92a2cbf403fa7ee0e46b08e7ff8c129023f6de679cb1e6ee956d 220246249 220246156 220246069 220246112 1493742198
5d15b0a5deab24ac026be985cc30f9857abb6924fc00b7dc0f0b8984daa0ec6d 1590096655 1493742198
5d17c34a991ca00cb95ab05c1a2009d4e79e966596111282864bb39be43ef8e9 1746410525 1746410781 1493742198
5d24426d9ce0b716356caebf5e7db05cc11c8ae2876415f7d59d3a7f23ff314c 86853639 1493742198
5d6d488287440eea99c05bf740800ff4a73432f2cbbb65abdcfcd7b3c679497c 919338106 1493742198
5dab724216e4d9c71217ba53378325a11737146f8d4f2c2f8a166f5365cd0aa0 922351229 922251648 2955031630 922254008 1493742198
5db94c61798fbd50e2958f065034626b787e1e739c07540ac6536305dfed17f9 3452715867 3452715857 3452715868 3452715858 1493742198
5dc8e3e9cec33034cc64e5e2a071411aa06f1f0535539acb0722364a76ff0889 1731846770 1493742198
5dd321841977330f1839c915888c45fd8e4e1acf2c04e5be243b0ee415f6bd5c 1539504972 1493742198
5df4470552ed87c121b9748fc54d2ebadce405bdb46f992c1c96f81dac33f226 1161649296 1493742198
5dfb0a7a14b2409650ad978e5b5aaf1eafe54608d8bfe06f6ebbd06881b4f8aa 1481986740 3156910747 3156910785 1493742198
5e1943aea990593565137cc464a0ff8977a467fefcb2b16e71467f158afbfa3f 886767658 1493742198
5e26d4848b806a220077bce39d879e9ddbff8773ff14803dc1a2f5c649e6b999 1746147854 1746148110 1493742198
5e391b68f0f5c57cb6c650f242b3b1306df402bb0bebd03647d353b6d522f147 1075766805 1493742198
5e46082a670b92a344e5209cbda0b2038da830ed60450a82b764989a87c17ea3 3582095576 1493742198
5e537f4b157680e34056dfb7bb2ea1837ae8cebdae8d5908cc547c15c7358e00 918559639 918559664 918559559 918559515 1493742198
5e622a1e691812e018d2b2ab36cb80e01c4afa9f2c286fe8212df4e03e4e83e8 1493742198
5e7779cb4fe83f1c4bc5c2eabfeb5047fc56f6c5401b14bb4b3964de36445425 1493742198
5e861a2708b7597afb9d9c3e0dba765fb622a2885a15b9cbc1175e83a4fed1bb 2365485186 1493742198
5e8866fc4e716fe880a6a5572c6c0321da2e12c0a6537f047fdd8c67d4133a77 1490035860 1493742198
5e88792f190e8f721a28abb9d831a20f79c8abb6f0b1022f58555bbbca3515bc 1211368970 1493742198
5e892580f999601e3a966f6c4b3811f73104d950cccc9c18cead260acb9879af 1751158034 1493742198
5e9da98bf77738b0139c8e737ae786e4faacd6e6834a215f73e496a1ea5a76cb 3389143848 3389143080 1493742198
5ea0bb762c41766c9ff70ea9e99edefb581703cf59461781443342696b1109b2 921204241 2974268393 1493742198
5ea2393d14d23c71a56491755e590a8772889e94bac0bd2981d9f4f03288e743 86223629 1493742198
5eac4700121a4e430c4f05a6c6831e10e6ebcf50ae0524e594a132c114ce1e98 1746435814 1746436070 1493742198
5eb201c2c9b1e86209206d6ff6c0a90882ffe42ab40c8d691b73ec0c4091f4cf 3241914919 3241914913 3241914915 3241914917 1493742198
5eb66333fb5093a6d5ae2292de0638da32334ba006e78c394145d557b67e367d 2539995513 2540028281 2539979129 2540011897 1493742198
5ed4c3baeee6d18f86efba17e6f16d65d391392fa6ca5a654aabf250eb3855cc 3633458698 3633458699 1493742198
5f030cb7cad9a0742baed2b5003ac465d9e6c308804388340bb391d98eb0c069 1541708381 1493742198
5f112c46bf38a314a06745d5d179d24056f4588e87d25ee86e810ab0fa762e46 1746147463 1746147207 1493742198
5f1adc21ea56a0a1a4dd255c1769b48a91b2423c9583e8c87b2004d8fc009f59 1746146461 1746146717 1493742198
5f34bebc1687165154fec802ebf3f9c4c5d69d6c91f3a888643a52585eb71867 794368184 1493742198
5f3610f66a1122df23eca0f101a34f2763ccc34bc0b9872b7e69521ec932b4b2 1746666290 1746666034 1493742198
5f3d1d2a7694511137366d2e27ba9413fd7cf3e7b6956a6a34b52b72583b2cca 1960135816 1493742198
5f41f108c5f73564acf23667ec46b57b69081a2af1b2c65e54f5805ace833e46 786803146 1493742198
5f4bf001df866163c89a800c4b11fc98b3a9984c0a926d3a54d90206ffc16b96 3631731016 1493742198
5f55d16f30493bd6b9936c47c012b2f4b9be79507535ad991ef4030de0dfb930 2466234445 1493742198
5f5821007bb9820195f1a973ebcc538695c44aacf82281545645c450811ac4f2 3160156238 1493742198
5f6ce0ab9f0606d1c1c5e9a39e6b6c75f9e83a955b8459d0f83a7717acb3f5cd 3642546051 3642546060 1493742198
5f8720443c877cdb8cacae7e800c144392329dc8a2e6b5165895f35540fa8462 3193982477 1493742198
5f8ee9e918ba5646f2d46d3e1007d2f203a0d48cc4437d53114e750182beb692 3405315232 1493742198
5f993e332e43c33f6c00b2a7a596cbfaf4d5252f21daea057478a17519f508d3 1600404573 1493742198
5fc82f53eb25992641ef1291c679ecc66e6986ead9b43dc075934b037774a03d 1493742198
5fdc06187b2d72fb868de6098990b0dfc02ae590efe30df6cb70d685a4b1b28a 2539979135 2539995519 2540011903 2540028287 1493742198
5feee47c97a052ca4bbf76f0a7f0d8a63c2277cb856468fc9a281ed89734cec6 1438874851 1493742198
5fef146411fcc4f2f90e4dbf3b51951faf6e914892235efd9c5c5b692c9edf08 873703174 1493742198
5ff0db0fd34599c69f263caf4cccf571d53073524d375060004c9a99424b41f2 3654949576 1493742198
5ffa1485ebca68ec0f611c1e57b579e267b0316209372501b882d8c85b800487 1746019828 1746019572 1493742198
5ffd1f0884a6d67af7bd3f330959d6fecf11d88533cf988eb71248a8a8cd171a 220246233 220246069 220246215 220246131 1493742198
