Version: 1
6003fe53c23b8d9bb672af91c78656529fea69e163439722f9b8644e5c7c86db 400755468 1493742198
602b7718002540d7ea93344e6db77f5b32bac1b3da03a83df477fce578db2d34 2067398094 1493742198
605ca91ddfef146b60246c662e75ecacc0028eb18beeeabe91e4c8f325e85180 3495095681 1493742198
605d4f0a2e7766cd769cb643b2dbedf246f04e61f076f050a9a2236ce5078c7c 3105435803 1571707139 1493742198
60630f1bafba483ba7c0460f154da53795f81e923688491d47932b5d28d938a3 2918815793 1493742198
60647075f77f035253d566a571456077fb81768397e1567d0798b6d93b9b5d5e 2863101265 1493742198
6068653c0bf735ea82b9ef83885e18fe70fb0861c0ec944bde67ea77e0a18ed1 93356695 1493742198
6076f0bc769bbe0d5d87b7ef9c55c8f2c03ce33bf61acaf01894fe22aad9a2d4 586680825 875595636 873716648 1493742198
60a35fda2da3c273b1eb1a3803e676cefa73a83db093d2535d7ac6c2fdcfc1ce 1139041864 1493742198
60b8149a087f2620ea58b00dcedcb76ad6de23afc88a8431319514c6a3fb4753 1493742198
60c0d422a2d76a2bf5a39de0299805d48bdf42a46cda19d02471b328e909b8d7 2097583427 1493742198
60e0c547743c8e953bc1b65fa63eb7f56a256e29b8c7d8220d7a04982df861d1 1746406203 1746405947 1493742198
60ef1fcf2ea00b3ee3445af18106e0ca8c2cef8b602f2e6cb91d45db7d7d98db 1122728367 1493742198
60f1544f9ea311cff8cae2a4b69815ddfd69e49026ceb25cec15896ec189fe3e 2001850710 2001850712 1493742198
6125d14467e19c0f06fd258c07b6f36470fab920c06c416e24892deade23e6ae 1746194709 1746194453 1493742198
6141335f6277ac757e8721cf852d45cd095726a1ffd736ef2a75bcf696ffc556 3495461944 1493742198
61462d1fde631d68816317bc20a61a76d46244fffb2222db00c8aa37c03562d5 1050000584 1493742198
6152455d0857365a6f8a17b70de8f53da819e51b88141d8951ab6515c8f501f8 1746154797 1746155053 1493742198
6153a5e4835cfb92fa324bfce5470a0b8d554cadbf7a9fbe21be74460897e021 2540028229 2539995461 2540011845 2539979077 1493742198
617328303dd9b9b61946b7627f934aacb768525d4cedf8df7c14b193f58b2e23 2045900605 1493742198
618297a3a6212a6aaf819ca766430d0286edf98e0fad958caab65ac665e58aee 3659318961 1493742198
6188e3640edaf07f020cb394fa0809fe04a28c28d42759e7a636eb922a78063f 1746487155 1746487411 1493742198
619a6ae1b14e003b1a985acaafcaa4a78750030308dd0ea56119e00fd897ff36 3421148412 1493742198
61a9509bb86f2693cf66a4c3579fcf9bc78efe02df88ee52d6108e921ef5c583 1248979850 1493742198
61b76c988b8df4a10e8e488e42edd53138e328131cb880aef6ec5e885f50cc3b 1746146351 1746146607 1493742198
61e1fc83e9d46c6b91f0b16802738ceac8ea7ebc41b6a48c4fc0f03bf143e9f3 1493742198
61eec4c4a6681e1ecf07d911deb43250c53f4a4a5e6f9d2de610abc1e5f6907d 1360221699 1360221697 1360221696 1360221698 1493742198
61fa57c99de24326e6672e6be55ec05b832d476ef091433169bd7127174d6082 1833410760 1493742198
6200d36eac42158eeb7d42a873403be9b8342fd162f84148ac3cf953df2398cd 3077511948 1493742198
620212b2b3d6e0882f4665c433646aac14b4e728a3e35768a288389dca2c3961 772947864 1493742198
620342b193c7b6b4d2b6dee3a820aaa3991ec8d60f7c464c47e1d3735654e9f3 3460808205 1493742198
620460e312e4a9e441883d8229f42b43f155f1a9aa9a5b447393a0c635d38c94 918559623 918559698 918559493 918559684 1493742198
62301c825fa22a9d41dbe22ad3ed13bbb1d5ea6bfae7f33fda23ef5a80e66617 1746143582 1746143326 1493742198
624450e2d766115bca94ee4360b5772ff681ed32dd26535bb04ab202869c7886 1746633195 1746632939 1493742198
6244abfc203d2594f335c9440d1cb9be2ffcb81c9c47ebe0a461a8a68a01d549 2738179712 1493742198
62452bac92973da261a17ce7e5fc67d28abdfd3beb037cb84d1eca4b09fc27ca 92723101 1493742198
625829fe00a12701fd856d0582ebf6d8ff4cd7211ba5b0f7d070b53033622ba1 1746018533 1746018789 1493742198
625dba946632f16563c0f4bbc2e211d83b9f82a2b23ca45c87d44f543279a8b0 3633458698 3633458699 1493742198
6268792d1010ee198befb473acab39074d88959583e4e54e1b7608efd2176249 1613467930 1493742198
62751581d0bb6d2d63bdcea6af45f95cf5e6be1dc3ac4c1c95ec6d50ac896d9f 3507569764 1493742198
6277740d1062181a2835541832c9dd59eedd09877dc46fdaf1084ba48eba279b 1746645540 1746645796 1493742198
628a6198c43096d885e8e88fef6ba4913cdaeb72e0343013e62fdfdcd49ba4a2 2533408239 1493742198
629a88e92876cffdfe5bbc6472ebd52d3c92c35a1c7faeaf74fe4e9059d92ac3 1493742198
62b484e6d66d3b293eb80a559f4c42442c1daea2a74ed7dd2f3002af153a3591 2938733300 1493742198
62bb70fe15344fda8393262939581dffd172aee302b173eac7e694b2e063164f 1083409353 1493742198
62be7e2ff052d668fb760ef573a1a9e4809459ba32c799729dad7273748046c0 1746494835 1746495091 1493742198
62d5fc63f7f9218192a15924c4fffa53c040df76fa071654399de9510849eb05 1746646686 1746646942 1493742198
62ec210aa83620d13bad1dcb06e431c19f9dc9ef10d4f9499e0f36fb661ade39 2540011695 2540028079 2539995311 2539978927 1493742198
62fd30547d6cfcbb1b94e1a05abdd737ab23e4b607fec12c294784f5c1f64040 89075284 1493742198
63006934e739c4d7e1c89af98ec1b50555645860a13bba6e5831d79a29856ce5 2160564628 1493742198
630966b6d44163b662cfae18c9614530bb3633477adaa0626e6f9e258aebe052 1729951881 759185545 1493742198
631b03ec268da61791b6222abb413f3ae96529dd116ce58a279328a49acff988 2900579188 1493742198
63277adb7bfb7d0dbcdf6b0c194c1620b99d8d036cced89902e7629eedc522dd 873785689 1493742198
632c2dbacf8fa205984374291a0017874a07c10674489eaac04cd2217e026686 1249227537 1493742198
635c4af83202e1e5a3a1bedcd2311f43afd65b9e6434fef0d4f75802d4bc2bfd 1746406425 1746406681 1493742198
635ec572d2b11a7ff874b741179c151f063786f6893c66957d04a543a2f4d26e 1082150726 1493742198
6373989e86141b5f67f9c683584e9e6e25f486650c8d20193600af0c652b95d5 2899907171 1493742198
6385351bb7b05e248fda7693b3c6bf748f05238b02abfc4aee7b38b8979ebbb5 1921432570 1493742198
638aa19c6febedf2955b8d362f1f82bf686bbde8eb6b39eabb5eebcd2a264930 1746165212 1746164956 1493742198
63a91292e2ec0f6c4609dde81ce8e9ea4c6df03717059973b35ab273fed00f25 1248979850 1493742198
63b2a1dd2199b373a2b5ac371e95909c18ca3fbb1939ec10497f074ce38273ba 875632945 1493742198
63b2c291fdcfd31bce73a1792fc4adf9510854dd839dd148b0755acc8e2d3c05 93716210 1493742198
63c7be27ef4cbafb3c878dcd5aeec372d5bafb6cafe632abe25374f8dacd06d2 1490340390 1490340387 1493742198
63d40486ae6907fb50bffcc3d7441e2ab5c115dd04819790f031e960871c2129 1746670425 1746670169 1493742198
63f35bb61ef458093709271578d2ebcad5e707ff26365f4f4c1d93b7f43e7a3d 3559045640 1493742198
641346faa3945870ca9b757ed97c63c88d85ba321d6c1f70b4a8b68bb7d4bca3 2899907177 1493742198
64255bfb5a90f0c501842eaf453ca7fb3ec821cb1c8629f616ded12b791ea847 3587683494 1493742198
6428e2b6a1f5d70181f546d3439acc93be36ec8f3df611c94a6372988454cd29 3559017409 1493742198
642ca366c5384cfe95a2e90b77e14f89d2cb5360c8378903f5ab7c3b4384c7ce 3221245728 3221245729 1493742198
6433629605955da491f3c05e2e804b4791a32ac0630ca3dc4c6d6ca2e60f0653 1539712014 1493742198
64388adeeed326a8bf42c92fa0b89b80622adcf3e8b1b63e998f080ff56afaf0 92721502 1493742198
645b498d740ff027c11946b62860575da257e4b9ac3b79fd2f85b6273408661d 3133168133 1493742198
6464ca644ae027cde196eb1b4ccd55ea596d9df2962bf44890152de1349f8e37 886777910 1493742198
6475ace2ac15553e8650f97f9718468108f4c3a8706598a8981802a2ea5c2b9a 3276690758 1493742198
648d141d05521c633900f6ab7f85ef61f382f271e7c165a56257b12e4167d9d4 3200923942 1493742198
64913292942ea0af59acc0280db05caa852eb098965ef0d4a86daae122be02ec 2550284381 1493742198
649506ce1de639858b23bc0041efa1992b97a1936f355cd006265411c21794b8 3107017800 1493742198
649b03bf99422bea4a814c5b2d82e247814b123b1e5d08197e2eedef83c3a4d3 2899907171 1493742198
64aa7d7f360d1b45e15275fdf3f8f9d384f23fe7116526250caecb086a0c0cce 3267562270 1493742198
64b0fc8e4e46f4659b11ed7657d907d0ef9c2e5f01e6ce99932543a3ee8ba28f 3558319928 3558319934 1493742198
64bb032e7a8ff3f00311bf4fd34d94b1bc8a22ee00f080f2e5c1d17c27e851e9 3626153276 1493742198
64bd8eabad6e432d7a2656631d328ddce525ac2322636d4feebf14e76d7456c2 1746163189 1746163445 1493742198
64e4659f414f49d1a762d033ccad375ee9760ad6d0111e99586ce450b96cf339 3560280591 1493742198
64f9409d49391f508abd3f042d47a4641c46f8f4ca2169399d3e02481fbb9e0f 2332529460 1493742198
650659a59913e05584377ffc1b9c5148f51118e79d8f7754c8ae12a6adb2c64a 1067440478 1493742198
651a282dc206177f22f3f737b090106cb214995a968b7dcaccd8fbfd7827a286 1746002717 1746002973 1746003229 1746003485 1493742198
65200156d8b4b809a1ed1c69a866c7ae2db3e636b6b11698b427a5d17375844c 2715634389 1493742198
6527366a6ad21f76151bcd2f62ad1eebba0d81b612920c0f34266ac80df6ca18 2281731288 2281731287 1493742198
652fec9e3f1dfdc84c6f3547cd9af1312fbdb233d020ff46c890d87a9545e938 1746406500 1746406244 1493742198
6549f6bf7b6aa900c1c5f31a4a40fc1930e4c1196216a1933b3d04b53bdc4c7e 1336917829 1336917827 1336917828 1493742198
655632b8ab05bd0c47faf2dc5efaf1ec1a7d43fdd7677d3340bbbda6dec2c65a 917256633 583406448 1493742198
6559f0e23bdb5fdb67fabf2cc8d4dc8f42260e4db540916ae1ef0402d292c56b 2513067186 1493742198
656338ddcfe4a07072978c51d81806f112e9b9007971f4a9d5f4b96808ca5100 2540011839 2539979071 2540028223 2539995455 1493742198
656638c61ab4baa62893a1946b962f46ea2ad4a23d8f88bd09cf12fcc226d03c 3002656781 1493742198
65705c11a2df00a1217e4eb8c9a534c6d5680b5fdffcc041a44407fcda28238d 1158737273 1493742198
658bdcfa167a3f855b10298ff7959cd0d2ea62f2dc1ffd4b46bf81cef114c179 1585218596 1493742198
65ab33d174b7e3384bf7e29d988165f0f09651cb3b6b76c5a6e0579d9597da46 1297626946 100663045 100663095 1297626935 1493742198
65ab506fb3f66ac52dcde60a70ea3f442a12c0f3651a7fb2168372edfcc7a78e 3275441916 1493742198
65bea63664f11ef3565ba734b5444f60d05284de30dbc6fb2b92b6edbcf29f0d 3002656801 1493742198
65d2ad4e9ecbdc8bbb8fd44eb1b9c0dace9e0dd530f10a339ced26a42e755f50 2567102514 2567103538 1493742198
65d3b271045caf406a743f8ac9d80c0d4d1324d1f8c37d7ac59f10a800cbbac3 1746193675 1746193419 1493742198
65dfd53f67db49e994febcabc355fca4da4dd327eb60f36d7965bfe8e492aa84 773033258 1493742198
65e4644122b15d61345f0c11bdcb396a6ecff17389c3279404a3cab422e5e52a 3396919411 1493742198
66012e72acbd4f81c3f1ae0a3220edf63055cc88dfb43445eea036510c925d30 886175937 917233921 1493742198
660f9640fa006563ffceebc8ae4fef329f81ed76b77f5054010be461e236ec59 2927739060 922245891 2927694953 918813392 1493742198
661d41bd9c2f92a4ac56030ad69ef915feca3b4be889baf43cd635e091fd7082 3729388554 1031880978 1031881063 1493742198
662142e2c10cf23b90d2895aba87ad1b32d0c7ec7db919181b0bc6876e53b77c 1745896147 1745896659 1745896403 1745897171 1493742198
66347cf7160eab26101a9454864d845172d988039a8fafc4bd1a9796ac50e9db 3264749608 1493742198
6642e1e124ae9bd312b4598875ffe726cc4b647cefe44a14192377f39574e487 1746411056 1746411312 1493742198
66513a96106e796f9a816ea8e251718d0927109b9618385fdd17d732105a9cf7 1354669577 1493742198
6652c97fac7f2b23fb5f037617239337699324674bcc6e3aab13aa616a48e6f8 2539979135 2539995519 2540011903 2540028287 1493742198
66673e990bf583717b446248c23ba8e1dd0f16b740170a4691cd7007a07ef356 136784490 1493742198
6667ac890ec281b03bf4bd7c224592b4499fcbf0892c6e91fdb3e0a37cde7036 2466234963 1493742198
667038e63365bd3bf2589588c914b2352660ca353ef57a081ef307319869734f 1296780597 1493742198
6675b7b667ebe8910c12a089f3e02e6fda2006845859740ae2271c3acf571790 1746144560 1746144304 1493742198
667bc89a099596287350894ee127df46468c2c43741f233373dc1cbccce61c76 3645426107 1493742198
66962f5f8eab4ddaba9dd694876a3169c2813c33d350c4b7d96c8d3c6b1b3e49 1433344778 1493742198
66acd9e0f242ad9f00ff0db68a4d95fcb7bd0c9d678f942a305bddd117da3cc7 2032669803 1926754105 2014974676 2014986845 1493742198
66b6e26ea02bbfdc1faa801b373c87516542527c9a269492daab68d43d4ac80c 1745932793 1745932537 1493742198
66c303bd07d29620a969e06c8f900dd96262b6c5b1152532630b12bb414d5d84 1746146231 1746145975 1493742198
66dd31f8ca38d65bf56230b5f78052c46e332d8da3ffa410990b7648d55424d2 1210115848 1493742198
66e26db9d9cd3efb58c2bc438ab00aa9af29fc0bcd2096770f86bfedc2d45f7c 2838328669 1493742198
66f9aa40b364fb44aa2badfff5ab4c37f364a91572acc76c506ab3d163413121 402466775 1493742198
66fabecc266271d66ca2ae7ff387caa29d86cfbbadd312c2442f70369147f0c7 912064003 1493742198
67037bf0aa492bd826e82f670f46e6ba1dcba18e6a69209d17725c0f442a1301 2462431303 1493742198
670dbef7b9994cde9b745a1e3557f077aa4323c1b7dd559a6fe3d96245b329a7 2323690602 1493742198
673134665fd7cbdcc74211f0a1cb4174e5d10667a926994bc216fa26a53bb93e 3426644660 1493742198
674177f3189fc5b0a644cb9ca103edc8fb86fc407c9e9a20b180b64402ae3fb5 1507464326 1493742198
674f6dc12a924dcb788daa35425702c83d94118577e269d4dd7d7f3319721687 3627734052 1493742198
676ec7d4254aba4ad291dbfb9d5b2959a8f0b8fffb95c54a1cfeb966e30874fe 1114877132 1493742198
6776e57d2059132e9aca985496b9a50aa6ac1798c90eee33d8de7938d4aa5b0e 583831656 885749057 1493742198
67a3c29dd9a1d27d1e9b895a3eedb93429b2f184da2a0f7ba044b19e21e97bd6 3327409288 918173499 3327409289 3327409286 1493742198
67a41cebc5fc3237e3e300ca026279ab0d84ee1eeaa10d75ce79986f2ba5101d 918559533 918559605 918559667 918559741 1493742198
67a6e49e8a21e53d71dc842d14571ca9e3da52d26535929a6323f63e8f3089a3 2447519315 1493742198
67b70375fe52ef656c6f42348238bd5197ee3170eebb87411c02e2cfd48aff74 3223256217 3223256218 1493742198
67cc893f5fafc8c2caffb77e68b45102f2b0a0285cff3368c0b44e9cac256daf 877033606 876015977 1493742198
67ed9c8c6e608a54645afb974f2fb5548b37dc9cec65f5367771297bc5722754 3508531511 1493742198
67fc26730efb164dffe773f5161d895c6a9a6b94bc778e54669287b77c5df8b6 872628151 1493742198
6823ec41da6040cafcf0daad81b192c6990d63927d8d1bf9dcf0222a911eb02f 1729588331 1493742198
683427a4b7ead2bcbd468d9069fb5ae1abf576b533b25d716b3f485de81ea01e 3275441916 1493742198
6852d09940c4f7a86aaa7179aa4fbb1241b4f626d33e3a183b2ebfd5f5136dd5 2955511050 1493742198
685a5f8fac774cce0f3d221911b66f84f0e238ede9d466a20af1be771caa1135 873943524 1493742198
688a8c9c52baa5c2882ee5af8f0f4c9b3f03888954c810aaa85da091ad6f3f51 917186656 917185985 873603042 886225918 1493742198
68a6c6b9a9b240c9dae1af6a8b1bae4d180a3dd001df0ce8fb33d775178f8728 1745891854 1493742198
68b19b05b735324c465e72e368da4a0f4baa619da197c5e3c4c12a54de8285d3 1482061809 1493742198
68b651f81843211de5136efed68eeb4da2db0a06a2a8270a6f5165cff98d6574 3104745841 1493742198
68c1e55b7e7549913f34030a5f0d49a94613b05469ac21f5eea1e6cb32cd5eb7 1823345162 1493742198
68c3ba89ea2f9c15a91df633958e17119bf970e3bb451f80008e82ba4cc74e92 877219207 1493742198
68d34e58d89bf98db5460af87aec1633ccb98d4f9df2a83463ba663133ad0b0d 3448455473 1493742198
68d987cd03f1e12f3dfe12a42a1333e297a86f5d6c8394ac1c8b6ddf03b99d97 633881206 1493742198
68dbf94571088fab29f3342f1062839a85dcfe5dbf64004469773fadb4b99dab 2539979060 2539995444 2540011828 2540028212 1493742198
68ec1aa22bf2002dd18186c3cf10f0572dfdd31dc0b8a910c6737c4e076de45c 2193226394 1493742198
69050fc8551f9d14220a3b9bfe12c267bb132b639febd535432bfa76ab7b0f7e 1161836839 1493742198
69251f77fa0dcd2d9392f48f30fd0d64ea8e4638e913215ccaf4ea00ca021d4a 2313414806 2313419818 2313419819 2313414807 1493742198
6971614c53ee14d60d84b2ac4b93e0130c2913798c126fffbd73eb6c25965b2a 3473613531 1493742198
69ab66e14a55da4e88260055985fc90d0314d9b2523031b29a94c1ffbd27134f 1746500621 1746500877 1493742198
69abcbdc0c7b6a71e983b0d13ba5a740538a747774897eb20ba9c2034894bc17 1746494219 1746493963 1493742198
69b3ff46dc3095a5e56fc75359c5dac92de835b6647308f38731acd8811dddfa 2899907171 1493742198
69c210eb6fa60d111ab363d1e1b4165849f9ec9150eb98397d4087b4700151ad 2103740851 1493742198
69d60bb5f40df97fc4ad013fac9acec4b9a0123ec03445e885337e32d0ce155f 2899907171 1493742198
69d92177cb6f646c80c314652f382ef85a07f90109e36fc4c77f4160dbca7557 1534687695 1493742198
69db60136ceede4867ea49176a381b3687a5579b5a3376e9c3687c88d6e31e01 3407604505 1493742198
69ef77e78e144b111b51399d42b651be14fa826d29631cd753e2aff8c4e3c445 1116197764 1121170923 1116195225 1121170708 1493742198
69f1081e066d157a0344186e64f7965b3a3207ff8d6cc2e5d279dddff9f5e96a 2194903526 1493742198
6a076700e245fe4a4cd0e2933b1d573d3013e3a836783051652597822783678a 1493742198
6a11aa8d8839b42d7f872c29f3cacb52c294070b4f58ee6cc11c35be17a37935 1746509670 1746509926 1493742198
6a15214106d99a077545da7f0a890f85d9ddb6aee9d6f8faa2c8f747509c7153 1493742198
6a19f60ad22a97873830a72dfd718b7b40fc5ed12633dc44ff3a8e2aa911f84a 1745905351 1745904839 1745905095 1745904583 1493742198
6a1b05f9dfa56e0595f785ae0dede5992bff19f09cf49119830c43e80e8ad843 1796652437 1493742198
6a1b5764492775f6a79fce466d0d7bb30101d7180773e998ad928a453df25aca 1964173445 1493742198
6a23e05c5b43287343cb997cfba849f9abb43aa9a8009ac99e8adf39948adfb5 1248979850 1493742198
6a4f054d7c9f610350b7fe2175fc56e874cecbdc270c9e0a298b8c2525cff4cc 918559694 918559605 918559698 918559681 1493742198
6a56287a277ade6ba3bb4fbd3a271fcf26a342100bfa433d1f158efc8bd92752 1728878663 1493742198
6a593578c4791d812628684d23215fd887fa595631c6013225ac1c510c96d186 1746636158 1746635902 1493742198
6a62fe671b3b2e3801cf301edff7496712e4ca9d89bf9bfaccb1eb497daadcaf 3114641530 3110360973 3162398333 1493742198
6a73cd25da040f6c451895fdd6b2377b2899950319f3eaafef13afafef66a98a 1997096638 1493742198
6a870dccc3fc1adb67b2ad65c8d7316bfb8993a32ccfa59bdc0e8461b5d12a48 1745906811 1745906299 1745905787 1745906555 1493742198
6a8f9678b5a0386f9e9ebd9abe86fd5cf6324a1dd3e87f14e49b75cfdba2592f 1558124048 1558122799 3104633250 2731884344 1493742198
6a929cd0b3ba4677eaedf1b2bdaf3ff89281cca94f688c83103bc9a676aea46d 2955052009 2955052967 2955057940 921004491 1493742198
6aa58b1691217dd8e08635a3f4458316ffef2bda96b77ad60b5e77059f853ecf 872547737 1493742198
6aaec28efaf4cec353320e6c261cf8ac8fee74b79e6d190415fab9ada9239164 2335936793 778405412 2461646096 778377489 1493742198
6ac3ba7a7b5ab46cd9d7d9bf19aa9c7c6a57410b8479a77de84df77d77c7ed8b 1746475269 1746475013 1493742198
6ac716cae05eb7224ab3efe1f86b9e5312010d20864aba7b457f385000b210c6 1746152650 1746152394 1493742198
6af4352a0176f4fcb223f790c8a6dc0312d66d5d6ddc19411c4207891e1f8740 3645167892 1493742198
6b19cb5a3962696e06c9ceb274ba0bfd1f45d18bfa46f8ded99f7fb9c4628623 3639990906 1493742198
6b3d912a425d978e44335ad088f749158fe6095154b0b00484e2f8ecf07145c0 2540011587 2539978819 2540027971 2539995203 1493742198
6b510a9cb0ee49b557089b26e23737d4c65a248fa01053a8e7a7b93f5b8dffd2 2781631756 1493742198
6b53b57a293698c8fb66f4b65a8774cb076325b11d325c32fce0519d438b7d83 1746162807 1746163063 1493742198
6b58258800708f9a5f037c5de5d6ab17064753e9e46dbe0e7e4512bab8ecf21d 3328776797 1493742198
6b583c3c4897a0d2e50d4e854f03746150d39c506e63d926f267e8c0cdef8238 1613583041 1613583217 1613583337 1613582874 1493742198
6b6dfc195f6826ca4d89a6f64a9cc76bb8541bca55e4f4ad514b538ba8748285 1745911869 1745912381 1745944380 1745944124 1493742198
6b73b5cde3ad6326b678c9b564806e481366079c2ac09d8455bb1a249a817f8a 3633458698 3633458699 1493742198
6b749b931d2eb6c3f56c3134bac4ea84d9d89ff725e0101331e5a5329e0e0893 3417827842 1493742198
6b920741175a8fa58b8359410a8c0000f581e502b4051bab65f07e8e2c8ebd67 1746428306 1746428050 1493742198
6b9482d4c466c13f6f4931617c696d14a4807cb5ec0bfa5ea4f40256ea3b6fc0 874411228 886350590 1493742198
6b9664258ab6a4e2489dd224e9e0e998d55ce251ec8b0fd3a3b94e2881f9040f 1985601962 1493742198
6ba05ae4124647a484d5783237c034c4b1f50bbb8ba42b5db789f3aeda6532f1 2704216811 1493742198
6bba24f7e14102a590c61bb09db58d3293e7c7ed27372edbd5059f48ece51e17 3104197674 1493742198
6bcb9bec0a07c35848835c46097ce7f1d9f49693344c245248cd701d91d2316a 2539978956 2540028108 2539995340 2540011724 1493742198
6bcfb1ed3fc592ccd6fd7d38c003d291a92dd6e615f881ecf1da6a8eeea01c50 1868361934 1493742198
6bf34c663c55887dd15f2b0765efa84d0b3e7730e19572fdd9c68e42a5e96d2b 1317834885 1493742198
6c1209f93b67ce5c0130d7815d0f2691a90299858e51f5165fa70774ad3380e4 3393024291 1493742198
6c17075f4d5a15e6f55c5ad4023bc16d8b8041061c93cf9a1c235a2a3fc32d0c 1422445268 1493742198
6c171b5d12cac12b6fa7857f1096175ed3bfcebe52e5debcba77bd19a350b4be 3278199818 1302206703 1493742198
6c1b12bc1e4cf44d541b4ba475cbc52f2f87e9ecfc4e95deb950e849f04b3a53 1746636883 1746637139 1493742198
6c34f9308e122ba5cf681577af69b4619c879e9b53dacd90495c6836ddda09fe 2943308545 1493742198
6c76fcf49ede93278b8f1406bb149e45c50f24f9fdafb55f1d9bca8afa1d4987 2362301538 1493742198
6c8c77e8e099e00aa358b85697690dfc52e8f9b803c23335553d5c1486b311ac 2734386879 1493742198
6c939d744ef03380fd30c8dc9a4c9bc29508fd8121d810397a532a3c6509b9a9 2705660341 2705657228 1493742198
6ca2dd55d68b2e84b9cba8068e8bc4ab15c0cd35a60ed2377088447da7ba1b53 2389130201 1493742198
6cb9adcdcbe23653cc36e08df17f2270397fe8d6222cb1a0aacbfa49c11c6195 778410271 1493742198
6cc601e3c00550413e930d91eeb30c591e8dd122c1fb3d785bb492847b263295 3236814908 1493742198
6cdd16e9a761862a3a24e8ea86905f7ce1c972653e0a0c0f57635b78207282c4 2539979192 2539995576 2540011960 2540028344 1493742198
6cfe27aeaadd818bf3895e93acf01f5288a0f15271f2b427f8a0c6631f687e71 877299297 886963400 1493742198
6d099a56d00d58997fd41a608b1ce58fc11fd9730c5f44f3a4bdc4dafe467158 35035882 1493742198
6d0ee535d6b633b69df43e675d61055ee8ecd27bec79f671264fa7ae1f398377 1815909836 1493742198
6d2676985a75907c41ee4bf7f04fe29afae15a457226614e603b617911699a4f 1218886304 1493742198
6d34552246eb1b06b6a40f7660b92928bcd6d92a297fb803845918571cf9599e 886869468 1493742198
6d59ba2972738979c734a14f5a740e31686c6216ce857a9f5499df5aa3dbb2d5 1753363610 1493742198
6d7557b539786ca5c9c662e70d5a89ac4286d809613ca546541fa78fd7113172 1754873978 1493742198
6d8569116668b3cb56bc4d681a1c74e108980f5060e94535fa6b5d614f7d7c55 3223928895 1493742198
6d8a52590794a2efed53485ba5f9e22e4bae932cc798576d50f4c4b5937a77f5 34919487 1493742198
6d94e3f872e5cae3dc33d911fe7fe48f877cc34842761304887f5e85142ab0d7 3233500433 3233504598 1493742198
6d9de35eeb87a34d79c12c7a0252d90f5658308957692e7a2f0cfe8d56ebc3e2 3283156972 3283156970 3283156985 3283156955 1493742198
6daad2243757091f9617fe37a0e671ef158f9e9f1b7985c4d7006ecf4b970f2e 3274879045 1493742198
6dc501f5afe8ad56627f1f1574d9267cdc15b3b8f8840fa8fc655c24ff6d13f2 1317137826 1493742198
6dceb2035c37a273736ad8dce5b3a70241a94057b655ded875ea2f1f02186c20 1746406946 1746407202 1493742198
6dd67d1c17cf1bd1422702399013ab97b3b1e77381982dc0a0a25bdf8a8db507 3427427173 1493742198
6df3116ab2616ba5a6829a5e94bb45d1c49d85d7b39f0e26f46f1c05c353c9df 3430119249 1493742198
6df50f3fb7ca44470d53406184dd9e662c11a009a287187ee28d2f593a086692 1964609361 1493742198
6df5d4637b418c1f79dde4d95fa1d2d1711b1a7858702328c70d509a717db2d1 1360218627 1493742198
6dfb970d62cdca386af53a5b79fe61fadc1efb4cc69a14c638d71ebb27738101 1746474507 1746474763 1493742198
6e3808579bf45459a1788ac5c89c8f39d5655f3a18bd8eb2fa66d51759291623 786796810 1493742198
6e3de58cd428a3a89b7b96baaf5139a4bfd7d9d325acf7ee2be0c817ac10e7c0 1746146026 1746146282 1493742198
6e52b055566d3ceb7726b875fa214d590d7373b8a10348061f6a251e6a991a99 3510875462 1493742198
6e542da7cef1167ade37085bf29bfb5da6a44576b7abd89c710623a6b314eeeb 1317842263 1493742198
6e5a6e7e30d074328ad5f339a4f60163ea7ba7c8d9b1b175ab32889476b418b1 873001058 1264944307 1493742198
6e5e6eb61e868bd6d9f23ca7e3bbf190418761685db9dad77cfdf50b437682e5 885621020 1493742198
6e6faa9131ef27c9419665c8e09fc100019e7a7e4cc01a9ee430061b53c7ed03 1919720754 1919720723 1848497943 1030700717 1493742198
6e70a0fe8178ff26eeca4bf3871f96b680b7a4c7cf51b12c351f367fcd338250 1541769775 1541769776 1541769774 1493742198
6e7e4fdb8dda16bbbff487691355941fc16651df71fd41234de363f83cb4d4cd 3221245728 3221245729 1493742198
6e8c24a40016540e70ef45a154cc1c17d426c53c7c46e06c28522d6b95a89004 2342664017 1493742198
6e93011e7bf27164fd4c1b422ec2e10754c0090112fe32120dbc5456ba8b8520 886097404 1493742198
6e9986592a15f60e219e7947b05c9f0fbb8d2076da6963c2f3813ed6fc6abbbe 2539979070 2540011838 2539995454 2540028222 1493742198
6ea088e1a274c38ddacfb68a10c92f462c5da460f10c367d2ce6ee51afcc9527 3352078127 1493742198
6eae5c1a135cf6d13abf314b0f1a1e39261071903519c499b3d3b7fd57fe78c4 1745895394 1745895650 1745894882 1745895906 1493742198
6eb7f170df5a69ddefdca0e45f6fbd59eff513af4afa181c6f09f02413cc3932 3322657870 3322657867 1493742198
6eba6edf984bf767ab88553aed11872a8842cc576daee425e12fb16f6722ad06 1490031134 1490033944 1493742198
6ecf6726031526f4d64e14c8befe8f034acd0b308c5bcaef38d7785d3ba9cdab 1746501237 1746500981 1493742198
6ed75f4b362b4a6e27030f89295930fe42a83227ab013bf2b7fe13bfa06573f7 875341688 873908384 919772887 1493742198
6ed7a06c18c2f676deba9550b1a632e4627e61a989d41059878aca1940cdfdcb 2627380959 1493742198
6ee383a6b5ae2dda7fafe475488e57855f51e6c2af996084e54f1a6ec9b56ee9 1138603840 1493742198
6f000f7bc9b2bf70500d4745832404b8549fd65d51b300ca2790879d1b7a5fb0 3459691790 3459691782 3459691788 3459691791 1493742198
6f22cb9d48d84eced3e0a9dccb6094d737e0bbb8c93c2c7b57b13ef82acd5319 68885758 1493742198
6f3bd803e0dfac164b4f5b9c4128ae072ed39e5fd0b1197ff0b591a73f035a25 1941320976 1493742198
6f59a755ad1f1aab21baa1f2e1059ad25e316ffee2581ab825ce39985a64c185 1481983402 1493742198
6f7cdfde70adcf26b4cfbb79e7934867417808dc23e55e28bee1fa5f44c82aad 2550260723 2550260722 2550260720 2550260721 1493742198
6f9aaffa3a097623d910c389a56d0af871cb5eac20f5d32e4d568d0133c174e3 1746148728 1746147192 1493742198
6f9e8084296bd1a9fffca71ab250277b3ea9cfb8855e1a46cc38c8b0818235f3 3002658306 1493742198
6fa2db5de845dbd61567d860bf6f17b3631a270665834c6e7103f104444b3dbd 3105547905 1493742198
6fa723fcf5fbbcae4d71f232cf093e53950f665e3dc2a9c21ab2831a1f2a9f1a 3427427172 1493742198
6fb11126e67ea5a8aa87ee3ec0b9a54ec853d35adc18e1f448e777344bc442c4 1746882806 1746883062 1493742198
6fb1c39c2399595a345aee02a60bd436329d6efe689389fa5f753458ef46d1df 609632186 1493742198
6fc006233b1b7f0e4fca87e046fff058ed1f7f68f0fb848346d37ce4157a60ea 3229415689 1493742198
6fcbe18bbdaf12e63cf570b6501609774cc60938e88556138c5c804ddad9bce7 587855685 1493742198
6fd625fa594450cf7d58e6b76c8f6586d32b297986255fb619c8608d2f54b903 2539979140 2540011908 2539995524 2540028292 1493742198
6fdb3810b3a0bf1f077e64a0f8e538105dad1e35319a10a9b6169b5c4b3ed45c 2928299829 1493742198
6fea4e838bf4da637bb93ab1c60bd97d054c40f26be37cd420ac26cbe833cc12 1076479276 1493742198
6feac636d754ffb4a647f486d88e1dd7ddef5934d0c311a90fa0ef883ca3ef41 1746471269 1746471525 1493742198
