Version: 1
702962ec26cb6add65eebab8e8ec9c1fa937ed45be43eaa066c2d344759259b2 3109598508 3109598514 3109598515 3109598523 1493742198
703e84a13bc08294e1ec256c6d06c7c7e1508b755910cfa3067975e04199cc8c 3495448598 3495036694 1493742198
70499852ebe8b2e09af42efd625bddb0ba431f4407321f8f144a695203125635 1746149691 1746149947 1493742198
706d1c655e8c99ec5054baa9785c05fe725d63f30d31ec06eb676149ac4716ce 2167023105 1493742198
70b04203f4c42e5f08c46c6224506c48ddfe758a12d3575a2ed9834f43375dd9 3459687172 1493742198
70c89d18ada248c31ab4c4aa31fec80b1147990ba22dd7ae61c86e6cc9301a80 3399073290 1493742198
70c916ac0cbb19c1cae08c8cbe6b95df9224d91e8ae7742078416348bd221323 2822647991 1493742198
70ceb49edb2e77cf5fb6603f8ba577e0273fb7c8a386ed7870e21a9fc900cc98 2899907171 1493742198
70deb078195fd1130b4e27bfe172e534be08be37edb2d2cd11892ddc7120c598 2988488609 1534714881 1493742198
710b61bee0ff04e05e39e1d414c2673863e002394bc18cca21639f0f7af4b9ca 1080734096 1493742198
712aa6c9e4ec95ab967280a936ef4cb4b9cd9bd7ed3890a5c9d5a3d024b60a4b 1075766356 1493742198
713aa9a70943dbbd76307c17e973a347cd2f95a32253be718b26e4986dc56253 2161248200 1493742198
715e6d69183c53357c5d8b0eace2eb7dfb70edf8e91c2f99e6b35d1bdb25dc23 3495228532 1493742198
71638b5956728e4148e752ab63d6cc52d8994ee8b342f5b530e4a41ff75c9fe2 2838328664 1493742198
716b70bf563875a94f842293d3115c429282800a3103f10fc7c0cbf410dbb8e7 2096349214 1493742198
716c55934cc0aa77032f7b67e7a0b528490f4c4c062cb216ad1f0c128f2e982b 782624240 1542595068 1493742198
71892fa1e9237b5cf98a0f96c236dd7a7966b46e8adbd1c043653e781e7791da 2430201088 1493742198
718cc1b26218b0fffaf7da22576085fd62096123302c6affcff1f0c90990999b 1746524004 1746524260 1493742198
719306291abe2d846b30362ca8988df2cc0f9a77682390517e11e8f623a9750a 1572396052 1493742198
719a0b8826b2d67201d94fab4b5fc2f81b997a3f377c1fe8b1f42a3c9cfed10b 2022056201 2022056202 1493742198
71abf7314a4ee5dcc2187b61d4dcb1a784ec168f94431805c4823ab223421a4b 3448987010 1493742198
71b5647b5d224a1779feed929850ba80964d0d1b17acb07b3f0de7b783b68a8d 1081883914 1493742198
71be32a8bcbd307a804d6dd0d579c919731afec73e523e814931c1d0b97a448b 3537023828 3537023838 3537023848 1493742198
71c33f02faa36bbe3b2e94d7c5708e3b7a2fb2a4eda79a929f0e0ac567eb6b3a 3404633908 1493742198
71e560fb30c124957a61aca81838d5fb4f0b2a7af18f228e9b79f8f26806c5fe 3582076250 1493742198
720d5bce9037dbb2717dcc45c489334e596d67f3c3f19cb275abd7ba2785ca85 2194645165 1493742198
7227569b6f63cbf53a666122c682abfbeb499e8dc9da040957bc8444ca6abe25 3427427172 1493742198
722c30da148a9e2d97e95de39aee10fe32d7c65913bf2e31e179f1bc17366e94 3741260566 3741260572 3741260553 3741260713 1493742198
723ee2dd7066859f88a2f3a822a147226579c47b0cdbc3522926758638548486 2539995513 2540028281 2539979129 2540011897 1493742198
72447769a6952f75f7e8e576d518926535f72cd2ea0cc463d815398b354ae90c 1746170384 1746170640 1493742198
72488b506f903c15e24f82e85fb5888af25c38db21ad9e86fe7181d3b0b09e99 3628738123 1493742198
72654e7987674bebbab35f9fac713e37170f5afe6c5d3d637ea316033c796de7 840311428 840311429 1493742198
727443d8884cf160a3c21994cfb2b8af83475ff456be484ffa92eac294b0d4ff 2160361705 1493742198
72944d59590aedd9e1b5d06b2b9cbb1c06a74f2b0bab2433b6f2ba16a6b3b6c2 2111102113 1493742198
729cd4c5ea419f3a7f39d4b85fe9350a319f8cd1a17db560824a8edaceddb8be 1842258454 1493742198
729f0943e2acbd21aa5861f35469b479de74cd124f30961cbb8846caf69d9c03 1540574076 3258074492 1493742198
72a4eb3ad2429773e525d9129d6251fd8f4170e976104b3789def113c2ca0547 1336918000 1493742198
72af8a5459a7262f2aa93328fc771cc17ca02686c18a82ca51fd81043a2a3b71 3285331692 1493742198
72bb030ea5fbe29ce16c87b1543617572714868056ea35f5dec7883af0a0d916 1745907575 1745907831 1745907319 1745907063 1493742198
72bebac66009a8925a88e05ea4beb7400eb11dc3d18fe3fbb834a229c9047acc 1310671666 1493742198
72c52ae776dd2eb3799ab3b191855a291272ac4dded1ec99e22f38e5efb7c73b 1753418886 1493742198
72db834416bb8081131665d3c37cc01042ba7ae3f74bd47ab5a99f45dca95524 2539979060 2539995444 2540011828 2540028212 1493742198
72e362f6d68cdef5e2cb703060b16bf9d1509b5d7ffc59b4f227fc08a0bd6eb4 1490027363 1493742198
7304e6b2688cb6a8a371fb074032c3140088936643da0a5edf037178142b0a59 387303673 1493742198
73069a706c1de18da1d245feb39721ba3dfd7ef2479c78f84c1467ce11fe45e9 1087539076 1493742198
7309dd30f1e0c7baadb7bf5b6536d6ba8c1a7ddd5d1603e062740e2562bae614 1746191635 1746191379 1493742198
730b9c131d73077660b6e36914f91a95ad4845c3dac9c19fd0aae15ca980fcdc 1264737587 1493742198
730ce6e2bffac44560d553333e5d7afb7599dba5b89a23b82237e17e2bd14298 2253682439 1493742198
731c530b01877fb5ce632ac5344983d5c3e00b6fe9f5294f55f3c2b1ddb17ff3 1493742198
7342088fbaa233c2a9c4210cca2e0d34ec5899a09d2db43f81b54a262a55546b 1755074884 2539978820 1755075908 401285444 1493742198
7343bf003623cf661d04c4bedab515e62c09a654e750092d35788591332678ca 3133168133 1493742198
736d104d1bebbda8e17943c36c106ea7e1f60a8873aabf8d4a474975eb8cc42a 633046712 1493742198
737a5f2d23795d940f60e38c6a033005c16f14e0ebd1db6005779bb1170402cd 2111101051 1493742198
7386aff2a5374b9862d48b89942854dcc2a3ab9f24927cf211d2c05276481ee3 3276968662 1493742198
738b9c256ffbf3b04f8152fc832ea7683fd65e04f308d1d8a29eafa8cef9e874 875233192 874969073 1493742198
738f6148bc48415f29de7603325906744172f09b8ac68c51bc38aa9836b3ae97 3113320818 1493742198
73b21012e8eebd0fd32d614824d25cb0f96a1d80596e25e1753f3e6a0af59802 1745902163 1745901907 1745902419 1745902931 1493742198
73b4ba5a48b49b150f8602a7e517f5b5854ae8ba3ef43bd1f4aa6292c83e580a 1019724741 1493742198
73b7e9b7cb67fc5893fd598e74930ad2f90c6516c7cbbafd8041454e56c8b0cc 1746160905 1746160649 1493742198
73bcb3811f0f02788284bb905e6a00be9fe2a23ab6565034c58aeb3cb75a01b8 3648411490 1493742198
73e83fcc13c702fd45fd8f03d6caa1c457916956481e9b21068332298941494a 3469783829 3469783947 1493742198
73e959e49625cde1332d5533bb96dea7d45148e29854682ddf053b0b13939ab2 1745895394 1745894882 1745895650 1745895906 1493742198
73f53786bb759a138470ad25578daba15349bb64be4b3dea2ad0108a5dfab9c6 1602481300 1493742198
7426c278aa8e172aa97634d6b0efcb472550c8af74e5b4f7e93c879f016cf1dd 3412626058 1493742198
7452176402bb04c159d6b4e95a0cc19ba1777a658ed73e55462548fadb93210a 1370192840 1493742198
745419e3ce4625ad7ea8bfa71c72113a7f341432f81297c359f13a22176a3747 1746193184 1746192928 1493742198
746f2df0838ed0f177505d83acc50019e42de46f5f07aae687a6a74e67a6614e 873550763 886230018 1493742198
749a8959955f8d32c57301f90e8210b1560747c7d0978fc4851748615b5f392f 387427189 3091854158 1493742198
749c267a7afd42e0b5bd4f5cbcfc0245bd9d0a83fd7bd11688fb7b19193fe0a8 1087541360 1493742198
749ce800d72cb4c53288ec09a8486fc0319dd2f33d0a8dfcf166f8fbc26149f5 1279978194 1493742198
74b17b2ead7ab9dae7ae3320c6963508d91eda7d8712cac4f1f8df80ac65aed4 1210082280 1493742198
74c437e0bbf7cf1e30a323f2390f09388843c8e2586fadeb57de78be6cc3c1ba 84627732 84627873 1493742198
74cb393aa2af16fee8d475ef24b89c86fe55449fb13d8e7df10f31a8d6d488a3 1745895394 1745895650 1745894882 1745895906 1493742198
74cc6745c89815c660d1cb464299b8951d6f8362239b4b14dbf410672ab9cd86 1607839574 1607839573 1493742198
74d761d0b2ce97e169c3213977bc3b38aeeb543fe953ba3e078cd6077d9d8139 1746666108 1746666364 1493742198
74e0ed9eed905d515ac822ebea1aaa048e589692b3fed776f6213628e5612728 1493742198
74ef99e701b119b36d27d92565a22550925c1165c75c14710ffeba247420734d 917061704 1493742198
7502a411f6bead53a258fae78b05872b7ee52b21863dd794ace481257168a02c 2090422258 1493742198
754142d4810b6cd49df39e6ddaa9d338024515f389224b361c534742212068ec 3229415695 1493742198
7553262c3efdebb5fa2ff7757b1175fd6c57a2d34674257fc2c8632275509383 2378890691 1493742198
7554055f72093c03a35f4067ab3683189ccb11e272299c8e99bf217d9a07af26 911504710 878110161 1493742198
7556c7449796091be85c3a7775ae76e66e2ddd168872ecb753f9b0b0b5ef5f64 1493742198
755773d1c1ac23854bff5862f53700f0af9a1349d6387be910c4fe0140d9d10c 919351040 1493742198
75646a23ad75614319e6dbb7ea599ea963edf50d688206b48bac437a40666730 1317835419 1493742198
756ba872cb2b4678ce88cee68310bad1308847177a4bd521925385cd96b7b616 3533953816 1493742198
7575b4e4524c42479d8fa47662a8bcb4e4b1f6bea0ba13bf730133a405bb62b5 220246166 220246157 220246235 220246082 1493742198
758e69017ef2f0c281a8cb3a09dfbc5d1f842c91728ff7c8ee5584a1333e97ee 3427427173 1493742198
75946c22c67b503523a0e979cf92d919f2f5018de627bd58b37af49ce899c261 872801647 1493742198
75d3d76099140b7a53ef097ed00d7052a96d925d5bbe28447be721782b9ab142 2099757563 1493742198
75dbc454dfed6093d3376eb9f1c0f10050b2561c83c76363748e12246c9c262f 872334564 1493742198
760df1e49eb10ea0ee66e23694944e68c55f851f2de80a7d10cef620e462dc9c 1211371005 1493742198
7614d96ecd5c18dbf446a5519fa31e9fadd2a2fb541151560fdef2a7c6e92c76 2919007654 1493742198
7620dd995ecc7f92f46ced87986711a7314bd1c1c8c34c836a1daddc629a4c19 1123970364 1493742198
7624178687dcbf70d08129366415881664b8c757ad490df5d86cf32ab894560b 3120735100 1493742198
7624334bf28a9a524802da18ae5467316cf90cffdf7587b8806174857b35f8e5 3107267685 1493742198
763147609624417918f8bfbe63b52e932eebcff239fc965893617390f257b7bb 2539979036 2540011804 2539995420 2540028188 1493742198
764fec1a732e955e0dcc03ef4d54f4457f4932f491438441215a73f92f74dd28 2758044913 1493742198
76531062722673a0500514cae55c44f8d00201ad25150c2d97af3f9c6ede98be 3454087483 3626091835 1493742198
7661859cc48a469cdf11cee7db9f71beba1e1024377125735747e7bfd1323eeb 2899907171 1493742198
76723d13f1a396c73169d994b04d8c3ef65322056147c902652ce09ec526e984 3489043449 3489043450 1493742198
76a83933b633495b4df097045d2f6b2ed199ad506f1ee9e06e182542ba0d3430 1493742198
76ae604660429d08d60ef310aa1540c5941d97568bee35b1a82e484612f99629 3567166533 3567166535 1493742198
76d04444ba35d703290ba153afb05b74cf9daa0dbd85e4dd83549ec237c49c9f 1072694451 1493742198
76d96fc9451bcd895888685f4dccc85e8818c39f36324d649fbb8935010a43c4 921761792 921762304 921762816 1493742198
76eb6eac2f9b011b9abda752a9c7d63a3529a9ffa134f48a2252571c495c9b06 910715973 1493742198
76ec787b28d7349ea786ece1231de6d0938ec29cd35761e090f5d322c894ab74 1602480515 1493742198
77055b17176de0f51eab6c953fd96054fe07853100a1f5328fa1ae7b5233dcf0 3629618290 1493742198
7707716f9c4d6a36e8ce79a84ecbc641574c1a6893b593619ecaaf12b1d67fff 2007487847 1493742198
77088442f5f2e16e5cdbeff908af84f48e175b3633624752fe8a1e614dba33fe 2045801923 1493742198
772e748c7b8fac3937e230f57f217020c2f2a89cf418687c50e53aec626464c5 1396870188 1493742198
7735ada35eb3b6b38b03283f1ee82c69a4751572c29193f81650fc6cc75e704b 2734593961 1493742198
773b2b86da3e7a406973489518fe081ae83500a12efecf22bdf96fa2f4ec2f1d 1745924905 1745924137 1745924649 1745924393 1493742198
775fab8c1170ae6bf02385dfe9822378ba7395b2385a1232995810cd16035cdc 1964606723 1493742198
778414f110e81e72caee02d478ba8cffb99c258e2aa8ccdc3e56fc61f35d51b4 3108455193 711989361 1493742198
778b2ca951422e47292df73464ef95fa6d421add805ee1cb59727f6e35ce75e5 583269360 1493742198
7795a0faae5ae2c8e3459b0e1cdedd1e7f4be67ceb002ed0d93605b0a9fe427e 223484989 1493742198
77991a3cd75a466d20dbacd37f793e0ff45c9255cce19f20a5816cb3a99c8814 987418606 1493742198
77b6b3f61ab97f4e5f49ec63df66104666d03c96dfb9e630a44278748f692503 1117225504 1493742198
77d1fc0bad451d834e277c0724fca95b5348ee75741c373a576e6106e506ab42 1613583041 1613583217 1613583337 1613582874 1493742198
77d9d931d31326a41521d7f6d925352262a944ed4bcf196dc31cea5d8a66caa5 2899907171 1493742198
77de52ad3815270d4c1a7f8ccd9f0548ec39c5b06a5dbe2c9896131e89734736 3496165419 1493742198
77f3e4bca5e8a0be07cf5ad6c4d2f4bff369c458965e6767f59d4a5aa7edfe7c 1032297884 2099769457 1493742198
77f572f1aadf04a414e1e44752e59d9c8ba18f9fc7ce6cb2618349e5dad648b3 1746148924 1746149180 1493742198
7816532e046e74fd8d75b8084cc929c32091f9d73b61c87c3f131cf3b71038f0 3107514455 1493742198
7833d4858939a7385158e8cfd67d3528467fab49b9143fab80c44a8a276b20ab 1728446584 1728446585 1493742198
78356ba65528e3b4af85b934f0778d0ab60d5b9799f38ad1b1ee84e1ec116893 1746477168 1746476912 1493742198
783ed100dfd168a2bd14bb2223e711a674927b737d0a3e6aee5c32ff676fe559 1572395177 1493742198
785b0123763454dd27de59a68b7494c3b11617e7246e10a9f65e1512ffdc6122 3559743804 1493742198
785f3baf97f0dbf17966e0381f9eb4f778807f10d719d871f779c573de4a977d 1746158228 1746157972 1493742198
786085eca18967e1cb20b3a5d83394729360671c58556e7f01bae556e6ed8a82 1370163426 1493742198
7877b163e3f3302958df148e0b8fa47c51968dd82bce3b4d688fe4c0050d2250 1884160804 1493742198
787d8643b25660954344c3e5fea7e0798a5615cf7f48795cd8a541b854713fc6 921139433 1493742198
78a0d9ea369ca94ee394cd51fb5913dd110091a7f8c04b1a1fac1a7465f5c713 1607851529 2297628345 1607851533 1607851531 1493742198
78a4b3389dba6d7cacf541968d40e2cc9f923b702ebdf6f61135dcd02abc92cd 1746409545 1746409801 1493742198
78bae9330cd8679b45d4870a27e3a59c469bfeb69025ef3c98813b172cbd2fa5 1493742198
78e295f129856b7891b249bb9423281025dc0a8792adca90a1b1a382ea760fd9 3275441916 1493742198
78e9196216b866a3eb7ce6d77a621eb8d5749bb28ed1c449791c8fee2ea8d35e 100549172 1493742198
78f1ee0401cc4119eae288de08bcb8d5fe2260555e14e06ad6fcf08222a41765 1348248668 1348248693 1493742198
79134087251e4783ebfc150b6a583e83c5cf9e60691e67fcef2bec8d90eb5412 1757802427 1493742198
791ee4d679b2a65348669308912f360dc67b9145a8c43e97c60cb708b248fdd7 1746184202 1746184458 1493742198
7951f76946fa0c420e503822a0b67076297ad6638b06bc9da1bc8557760ce6e8 1984283909 1493742198
79665f446b3431925dcdd7fe777eee44ebbaa0304fdfcae23538cccadebe1f13 1209359123 1493742198
79a12352634d1a1588b639d3ca5140b71bc83e155b491fb6a4940c1c8fbe9fdb 3702864345 1863149008 2071818896 3029697583 1493742198
79b1a531d423f29a4131f0c482e29e0f5115babb63c62dfd9d5b52ddebc05a6e 3629618290 1493742198
79c3d65f6644c645e874b7ee00d4e76c9e7202e88eaf827b5f812c56d4efaaeb 2043225796 1493742198
79ca9b1cbafafbd510a9a6a187a238949806f31633e36d5ac86d75e9667625b3 1590047785 1493742198
79cbb1326991f494e6f44a4005031a1934720e9dbcdf976852112006d28d0b9e 3532388353 1493742198
79d3f513941da19242dc3127cd9cdab32a84f717201714a09ba4ee4a2af676a6 999777962 1493742198
79e20b2452034a8399ae0e1d7e1fafdbccb375a9414616763ec11c0f7f177428 100663110 1297626946 100663095 1297626935 1493742198
79ef4bbf6db68076406b3018d52af55e97dd88fd11889b86b6d730c94fe90ab6 2365631892 1493742198
79f730344d832254f05817c12a6570a0323ae5612ce96b38ac1b71a68e6d794a 1746142988 1746142732 1493742198
7a08df1a371d19a8845d978de4c1e4878db9913eaf610b7e65659d7c8ba72793 921392314 1493742198
7a0dddd42ca8f338cae2742397fcdde5351e5365d8e44a6d79ed0b9841dd367d 1746430517 1746430773 1493742198
7a11dcb91e506a8f3b04adc9be8588e3db4152137bdc5c141a3b39276c3db996 1546480230 1546480229 1493742198
7a1d712ad02a6c4245a409ea60f5019d9e21355315dfed1c93155c744dad4d57 1076269171 3495361295 3480441090 1076269170 1493742198
7a2ccbb95a0adccd1504478e83cfe54d4641ea38fe63719cbcf3c6310ca69936 877054067 873916534 885984154 1493742198
7a2d836442b429ee1e9fa34fa2ad5102ebc7e1b68cfb31229cf50459eb6096e1 3284014896 1493742198
7a3bdff91694c51aa0bbf17d2547a0494ba686b9cc733dbc80bd832d7b8bc6e3 3229415698 1493742198
7a40ba9a3fd25296c32b87b823bced039378ddc0db06ce13100f25ec5fdae396 1146562856 1618087564 1618089256 1493742198
7a7103f2b5dc4f2a99c1e472bc50faaaeec12843ec362b0947aabe6c2441d4b2 3484132886 1209388624 1209389597 1493742198
7a7156254dc110a99b256663733fc6abe3f68fa0d87ce080b37826704b3bd31b 1746636367 1746636623 1493742198
7a9c579d08fcdd67ebda8b879e06cfa40df17c55e6954da5b98f470cf5c0bee9 150887806 1493742198
7a9f48ceed148014c7bb822dd6322ce3859a89d1ec27330843de96a17b8db762 1176970460 1493742198
7abc56cddebf6e88bd28696054193fdcc9199ce68c74458b4ef92656321bfe5a 92723100 1493742198
7ac3443c56dbe218a4fcb685d236ac2bdfa2ff9871a7741bd4950b5edb702e3a 917053855 917087517 886869468 886873949 1493742198
7ac5aa6aacb5eb7d93de653d509211779f8d7b5f04370bab6be4e153f96968e8 3414310236 1493742198
7ad1e8283442bee352b33477d6b67393b4a7511e8766b6042815ae202ac94de8 1249380365 1249380366 1249380358 1249380364 1493742198
7afeaa4acce3c8f141fc3f4562201875e56f2739470ad608b18602365063787f 623920144 623920143 1493742198
7b0520743266f2900cf61f70792cb4b173ab768cf8289b573669777913fb29fb 86855430 1493742198
7b0a9c9f559546f2859700525176d875e7242d080079947fbaa2b5ec60345fdb 3236319643 3344139931 1493742198
7b28f3c90e8e5dfebbe52923d5f567eb748810437d055b0bdf75659d1b2e52eb 3240748631 1493742198
7b2d1dcbd9f0d4fadfacd9ab945a8d74837e85f52a02a42acaa4973767895acf 3104131105 3104131104 1493742198
7b3afcb00cf3f3b28e4eb31716df62eb137be9ddba8f60b7101bc08b718facdf 2499497425 1493742198
7b43bc3ad34da30d04f08d4690dd3cfe008a2b1aa0698a3965643c55227f6f8f 2539979042 2540011810 2539995426 2540028194 1493742198
7b45df01d8c7f3520c0d38522ff172315c2aafe64a884bf9e920a929a9225eb3 2194873574 1493742198
7b5f51136301c7cfee2fe01b18581f7ef6e02b40c7626bbc6bb5f57e261ede8e 1746433574 1746433830 1493742198
7b600aa7aafedb19f8355903efdc71a39fd8c36b676f99accf32e2553faf02eb 2194876474 1493742198
7b938f961479021e845f94a57bc2580d90d3754688d3d99ed3c8dd09d7a6b2a4 3026529608 1493742198
7ba72752ef821b18848d988163aa0c1cfd3ed81ee3a1e67d06ab4f9d9200dc31 1541708638 1493742198
7bb98ddff4c37c212c3b7c2efa0b98a53670df882b4d8f8aa9c8eebee612700e 1196078273 1196079844 1493742198
7bd69c1c5bd8a648f877e3a7796278d961f19f263196e5b3cfb75da86d9d0e94 910242911 1493742198
7beb528080886e3d38c46de609f0f0ad4cb7a339bd6e481b7605f75bb706a0ad 532705384 1493742198
7bf860363dcb4200c23f1b33a9336fd98aee93e0577911199cfc7510cc642b43 1746646342 1746646086 1493742198
7bfa75b1db7bd582f71815b190399faadee846284e0ce3d46eecad07d0d08532 3088709082 1493742198
7c0fed890ad1df1941166ea62f9375f84f3152f5404f5f8873f397d82be5a8f4 1539288306 1493742198
7c1b5d103c4764c51f447719a2693649c3f8d22dd8ff7ed2f3d17a2f60779dce 3231816193 1493742198
7c311c4c68c96daa9fe28822e38c3b4da0b350850da17880d7e10bb280bd47c7 3396106178 3396106177 1493742198
7c42b372e21ba0b54b4964d6bceccc7224ad022c0154d8f1f02c38a2a4c28d57 2899907171 1493742198
7c57c50b0f0825d431d57aefb75ce559f1516477bcb45e920676f00d84c7619d 3392874531 1493742198
7c71d0cf5325370760b7a46787ce8366873f1e70b82fab8bcba05a46d88ca677 3452535904 1493742198
7c77033cbcbf8d72728525f5992b6067fa93859da93bbe7e27db6c7ab311378c 788522800 1493742198
7c85cfea839356b4993439266639131ee85124503042654653962e7a11428ea9 2688863719 1493742198
7c90472247ae7e3e7578f26a35e8ec9a9c6dcac352ad37968c823ab59984ef30 1138884289 1493742198
7c95e139a88d252b4ed52330b71d1b14cadb0e34eed83c2867b39d3eabf80a5d 1746635046 1746634790 1493742198
7c97777dd51a08ff0ea176a67075c1ea333e15990d5db9bf06a7708ec093b8bb 2540028100 2539978948 2540011716 2539995332 1493742198
7c9da0285694802462377239ec17122a527fce492960a359f5a2a7a6e6e91b0b 1743518932 1743518931 1743518933 1493742198
7ca7bf7cb1129015c42df6756214fef6d7a5274da904a03a2ed7294c17d35ede 2147894412 1493742198
7cb5141c4520bf7bf2e1813dbe2058e8ab497bc6442236a2df0f5fdb25111ebd 400755235 1493742198
7cbe57a8ca31a6083e0807b3ef1cb9f30208e522baecbceeddf21b591064cb95 3107030531 3107030019 1493742198
7cc43660bdc3564a52ea2e58169989ba003216249d8d4942424818bdcb673e02 2021868074 1493742198
7cc887d6182d237f5b7aa9d0dc423ca4f4a3dc44454bca5628d6b9ce83f00f71 3451567026 1493742198
7cc90e03ec8e39a5ff327ab1f4fff2e95574608c536449846052c96a15db0d67 2928665753 1493742198
7cca597b57d752a9e4dd5ba8de5169f8f12bf972f3e7451199f1ee34f9ec0a4a 3365086176 3365117983 3365077959 1493742198
7cf6ae35162c73d9afb4eb6a8a4cd2c5f4c3ea3a57f8579d5255cfba074227bf 1746489626 1746489370 1493742198
7cfa2716f3507d259360e62b56c437fafebbef560d727fbf80021dbff5d05aae 1746634818 1746635074 1493742198
7d0a216e91a2274f0bb824d6f01f61d3a11bf170a6ebe7b28b1baad9c3ef13e2 1540898801 1540898800 1493742198
7d0f36c72dedc48684a93593c3407e10094314217ec9be0e54c073816755ca3b 1795592834 1493742198
7d1f3ab069740b92dbf3c0d254047879ab542276c036d4dc18852dc0500c207c 1540672012 1493742198
7d259aa8d765ec483cd3a348bf83c6686ec28a2434f7d57fdd43affac14a9b92 96964254 1053979532 1482904208 872335686 1493742198
7d25b13f7883c40ca93b2f0c64c269d5ad2ff25454d6e7cffefe828598236cfc 3547859152 1493742198
7d2ba6dc02697abfc7df1097f7b454604f9d6d37ad054c914f51b8dacf78e679 3228554841 1493742198
7d3605b1f0de23240821cfc7e02252ffc4b21a6afe87f4b4a9ef26e034555bb2 3054676886 1493742198
7d69ceb1034e4d81855f4ce0385b23fe5224c0000ab9493ca82b1e508fcb26c5 1600404164 1493742198
7d6b82a0282303a49fd434e94bcfc2379ee79f879bf27cfbb887cf6b010de3c0 1493742198
7d851ac624ed98f7cacb7343525fbc14239cddccedc1e499ebe3edac93ddbea3 1746166546 1746166290 1493742198
7d8b4127f5a95dde63ecf547ddcd14bc8d0f02edf4c31ad6ae1fe4db2fc00377 2539978956 2540028108 2539995340 2540011724 1493742198
7d8d19fb0790d1b931b7718097e806f37a8f0bba426429962a09b87f55674867 1746428221 1746427965 1493742198
7d9595314f3430227f49d89952db2e08aa1699b8140cf2d18f11a76f699175f1 1746519075 1746519331 1493742198
7d9a2f7f31792d85f90f0c6a6d0cee2eeee1e2fa8692599454ef0ef747facea4 624806587 1493742198
7d9ab93f7293dc333e0cf8649439a233ada9a078edc78f0fba403908f28ed5e2 2540007540 1493742198
7daf1bfa68adb1f3d463a6fd05150078bbb64ffff9e4f72e5ea6bfee694e8396 886587882 1493742198
7dbad8d54c6adb86558f31ef10d0c3190a0473dcbe93e9ca257668d546887229 1823345171 1493742198
7dbe545d8040f579aeb6bfd144054c075bce1dec694fb715c44e12a55f29c205 1500768597 1493742198
7dc528f28c2d574fc81dffe6ca7350f677a91c19dba9a80870097c004a0a33b0 3392773073 1493742198
7dc9f067bbc4b6e093dd29939100abfba0732e392a49d4b5dfb9840e15461b28 2760512162 1493742198
7de0bf1cbe6c4ead1644809ba4d564ab298949da3bcb0b6692e35d2ec6182c8a 2070362154 1493742198
7de4f9127b3f169594eb76ed85c8754ba2be0583d6882e250a5af593c6d8eeff 2539995270 2540011654 2539978886 2540028038 1493742198
7de5631883c83dd4be7dde91ec77ed4ed171f8552ba5d4590a75f45d5ec8be4c 1746152824 1746152568 1493742198
7deb3ecc14b653fa5bc8088fc2b21d2a82d542e169df80b923b76d4a9c630930 1493742198
7df99ec48cb60234a4e0ced8963c4b3f9dfc0b4acc432d40f05e3e7ab9c0abe7 3252934182 1493742198
7dfa371b8b22a137c4b3d69bec44fea1dcfd90e908ef68e094d72402f22d1a65 2493064742 1493742198
7e13d06ee8653832ebac7a3f8c4c94a692951ddec70f393a97bff31b133f31ab 3105547905 1493742198
7e1920f1aba57ff464075640503e4287c16f1a42223a1558b3b8f292655b69fc 2016931689 1493742198
7e23b3de0523aa946a0d675df88543e7f82581eec32b09d9abfbf18e7ca42b8f 1746881560 1746881816 1493742198
7e339205e2e0f37839c131124ff9d1c048f78697b41b75b9d14cce0601604dbf 92721798 1493742198
7e5c2eb43c5775a2419df1d15718aab5db2ddf92531b7aaf95af12b28d11db60 1746146287 1746146031 1493742198
7e83809590f69eb00e2725bf8eb1cffb5f51255f22cb07cd96c17ec23611b641 3077539406 1966346318 1493742198
7e84e5d1a9cd9554cb6b816a0cd3a0e3a76a6b1a3c36873cf2f2ae867d2f4608 3673747503 1493742198
7e8c31ab8254b39d5cd8f9611fb374b80fc151a68e19216964e6b3beedf8a77e 1745910495 1745909983 1745910239 1745910751 1493742198
7e92e19963a76fb6973b2e7908ef9c4a0d3d070721e0768c50ac84c851a6b5ef 1585219125 1493742198
7ea8a5e2ab8547f020de367f16b59af734d74e29d6572d7b0a3bb13857a9a741 2644965621 2644965879 1493742198
7eb05e4aeba6c7ec6e258e62600b84ea1fe71fb3b6968f17036dcd7da3c8db0f 886149420 1493742198
7ec792c5d55902af939a847a6384c3a4542fdb857800bb129c55cc8b9d151c75 3492528161 1266575537 1493742198
7ecf75150c91fdadb1824dc50b733a49ebb140ba3715a1c5e1039b307728a177 1365238225 1493742198
7ed0af343f7da7b9ad80de27fd87565dadbf23f1139359106793aaf8cfbcc8f4 3637740200 1493742198
7ed1f2fc22f2596da822dd3ba72f84f18df1fabb82d3dc431b5cd9f24a047016 1796720621 1796545186 1493742198
7ee0c89eb8cb76bd4bee3c44fa0f3b3920827c733d68e6a995cf28f6ec4616cd 1398968071 1493742198
7ee13feaf863bf10aa415cd814f75a8010f92470b0627e78c42f960f7541c3dd 2194874440 1493742198
7ef0cccdf24df09fe7dd79a0923c9136153695bc92766b4dfd2ce32580563922 3285775350 1493742198
7f018258fd61b8bd7987bf0b831f9704c27ade5b909faa06ee1333d03c6ca1b7 1493742198
7f0aa384462f7c2fd339fa5a628415af14d0f2192099f313825586f3cca4b5b4 3219942011 1493742198
7f3e5749a623b689b930c810e2f9952d73b11bb0836c70473b21d09a808f5963 1757753249 1493742198
7f3f3bfa1d5908fbf6444083c5a3ebb4b989df932aa58f2b84e1cc434d394f70 399356362 1493742198
7f4a384a4f75da995fe1580ad6a8203b609db5a1ee926211ae89b9f06080aec0 3070094950 3070094948 1493742198
7f5712cca719469010fbe6154d0d3aae59a8e830529fca890ffb657d3759f3cc 3160156238 1493742198
7f588c9128728dc1fbf9dbd1df5918b8d142322d756079ae7fc2697df249583c 921642139 2954915002 3001812731 1493742198
7f661773d1a9a7ed5cd52315801f103bd101e9cf7f28bfe13b383b2dbafa5c91 1998336218 1998336237 1493742198
7f88cf837653fe0cdacaa9ed49513ca5e976bd6b891efd8dd204a161d351767b 1571446040 2513048016 1493742198
7f8abafb86694f0e21c31f70904afa64fa363fc3722a5f8a12ce2050889ed8fb 1959453763 1493742198
7f91a9286cf1a5cb4c20bc160927cb499056eb5c9931959eafd20d0b33f39b1a 2162362672 1493742198
7f9bfd1099203f85ff952e62c182b26a855e7c8d4d06061a2563d6ba6c632ac4 1746143563 1746143819 1493742198
7fabf8be09c8674529a0d33700db00121f91e28752501840789fffaa099b6190 1196080470 1196078857 1493742198
7fb406df6f8bbbe1b86d6a013bb872ce964b5bdb50c959cc3e1d86d6d184d9ea 1746147500 1746147244 1493742198
7fc1814f16616e6154697f8c13f4fc33155f27631c2d82d0d4cff18db274b04b 2838355482 1493742198
7fcaa1b9574f0b723aebbf6955327884985b6f763d633f6bc6ed1af36d4e5da4 918533902 1493742198
