Version: 1
8002b8a9ab50995bd8ca5ee0d843fa873fff8fffe3c6cdc02210631b5ec360eb 1746406978 1746407234 1493742198
801b212d6a2abee7f27b9de14b13b4e9622a70ae61083173ec8ccf8c19b4ca49 1311275958 1311275959 1493742198
803272611a0b04ca52a673e2f67c23e57621b885a2f60672285ab11f5b8d447f 1760540315 1493742198
8047a899da50b4de66664fafdd44071472e9cec6613740a5d042b8096d8c9bfc 1815826897 1493742198
805074f61b707ffd12ca679124cd5794411f4c5caaf2563f4f3523104bc9d795 3322657870 3322657867 1493742198
80970296397b1eb2883331036d851fe934a68a06016ada6cc79231dff7c54d32 3563135150 1493742198
80bc381e10141472c4f6f4125220dc49b0455c1feaacb44d7162b831a89cee20 921936905 920762696 840034867 1493742198
80c58f4592944363984b89ef8912c332fd5e3758ee95976b5b5feaf11ba2d3f3 2856454922 1493742198
80ca3be7888c02329b03b84501cb830ad561faeebe17000584a6c31ed9680770 3633458698 3633458699 1493742198
80e369544ba17f9fe3b4b3f88e4f895dbd745b09c9fed7662577db69cea2bd95 1936883393 1936883394 1493742198
80e52c6b271eaedb7c728c1f4206c31ef1645c65eaee805a0e7d80981079fb93 1746634501 1746634245 1493742198
80e7904e335ca7b1a8b1dab67cbf3c8a51353b13caebab1da70990030668ef42 3110871572 1493742198
810d457f13e1f5eaed11ab18c134b567661d68c18dbc6b983dbc8479225d4655 2899907171 1493742198
811a9418bd81639ea3c334a36956d140a04aa15aaa76a5243c986f0a2a6f232f 1960190792 1493742198
8125d070472c2de519e7c81a6f3eb79e83c3f476001a0e3a92de637bc59be730 3507485158 3507474758 1493742198
813092eea5eede4943c96eda051131da019a96fa8362e09fa2c59d077ec66c07 917363649 872694867 1493742198
814600140d513bdcf1e650136ac307f7108870105b34ba507d9da2aabf31c374 1493742198
814b8713e91cb8ebf6957dd19687c50d465e102746a18f00613c14b9d5285c4b 2758063106 1493742198
817f6318417cf2f5b33fc9a9c35efa1c4872d4a770bbc61dd43b673f83f3b8ea 1311716978 1493742198
819682da6693cf91a070be8e805f93e4f52f0c8b6ca51aee459142db0e29da20 3002665052 1493742198
8196e6614d61240d0ac8b5e8ed9638c8606997216501ec3a422cf39a9838da24 34922042 1493742198
81b514854e8fd3acb99929e79a9ad2d21deddc9a0a9fc85a460929d506aa97f2 873464761 1493742198
81e852c3ecd541f672dd0c1b7c710e593e6d72a2a05fe2afd21343003c617f06 2713263772 1493742198
81ea88f353f6f9ccddcc52897dfceacc703c509c418bcc22e5084f5bab37526a 1746158412 1746158668 1493742198
81f1cf5700f20ab9897d60f9f743fe2b5e837253ae0610525ffcd6b04c7eba82 1482898003 1493742198
81fb6c91294ee35c963be4c7986575cc07149ca50011e2f49193db9b4f5fc45a 3526562623 1493742198
820ef09356a70ba3665f8e0f7374d5130f536a7777f4927f4477a4275143da1e 1357348605 1493742198
821646dc49c342e198e982328741b02120f59d301d85ae2f22f165451957ce53 1873534759 2948102481 1493742198
8220c7c6d8645edac392b47a4b68da3b40cc6beb57f63723cbfd57da8ce6307c 1493742198
823a6298b192aeff55ad8f1b3197b9240ada5534774ddffc632566c4c4b0adba 2175850972 1493742198
824569e762bd56d01c15365afd505e5159a97891b3ca1ce061e8059f6f4f7054 2430157338 1493742198
8246642800f185afeb12407be872c54b40c7631245482265a7839fbaf0b894c1 2734209051 1493742198
82560809dafa90a2040558a4f40121a1f6e5db314caeb99e63877388ada848f2 532707365 1493742198
825b0eff86095d03a71b822ad61b83d6e6212aedbdfa907ff63d10e6187a6233 872666155 1493742198
8260b6d4f26882a08363a20aac9d348961b862ccfd0f1c692885ab64a3bb8b46 1746672944 1746672688 1493742198
8265af3a6110a2f6048953f75a5e0b451029acf985975b7c7f2b90008c4e1e7b 1745910691 1745910435 1745910179 1745909667 1493742198
82ab1bcf694dd7917c88ac7032980c1dcb22e206172efef5ab6cc98374f48520 3221245466 3221245467 1493742198
82b35c5aa26f97ea9734e9c88f38677f54f9d8d85e0f8b62d58364277b1520c5 2988520681 2988520367 2988520371 1493742198
82bbf921ff4be753a70e2e91abb9064cd538ef29a432bdf436b11ac208279312 875140005 910541997 1493742198
82bc7708da1983366340bcaba7c9dc8f96633cd373718ac1eb9e3b67b341bb69 1746144284 1746144540 1493742198
82e5c6d1585284c0e01a363c515ab4e195d8f8c988e6863ec6d0495f96909e8c 3495742081 1493742198
82f97456aed6077c9ab2b6bcaa76c1ba806101ea3bcb330959381603ecfb0853 3531664090 3531664091 1493742198
82fd8c99bb8cc024b7341a9a9acdb37504648ed50be25db7e1506319f5ccca05 911054703 921010694 920984610 1493742198
82fea703dceefff016864e2c073e3c1fb02b8cfd5aeb8ca9463e83a3446b8510 220246213 220246031 220246248 220246027 1493742198
83147f543b4c5948cf2ed825b4cfc5c3ba1935bc88ce74245d529569534fee8e 772020616 1493742198
8319c0e23a4bb9c0f24383f252361c695eed8b3283dfcd7120e730e158de1c0b 3029697555 3029697311 2071818976 2071819158 1493742198
834ed5b4bfb52791a49cc7264312052d43e006dbc4be9764ce4f629c749939e8 3261694730 3261694731 1493742198
8354689a1c2bd791105823463bd65d935bc8673be5530136e40de1742af9736c 34922318 1493742198
835e9cb731778fa19bbe8d036ca64bad67767f89c396790c5967d1337b7a6362 583548524 583483436 1493742198
8360e52953b24a7ffc718dd68d4a40a3ad782de9611e64300487c59bf9f56261 1137680000 1493742198
836d54971349fa895094aa907002563c0e9cc6f8e6beb491ddde770d779814db 3236315718 3236317766 1493742198
836de339b8e416e552838e4f32cc5735c68743e81242f8b0fb2057264c50ab34 825428672 1493742198
83866923e28b844916a1db8889df643f3f2ed82cd826b50b53666f15b23d4c7e 1746487143 1746487399 1493742198
83d823496c7ff557c93220da8bf5b5006d67497f0c13a276f18790d5c1b4c912 3323417806 1493742198
83df280eef4f57921335b85fdfdf497749821d7cbd6b6bacad1ec9ce9bbde1f4 3244527696 1493742198
83ee993e5d4187f8b7907eaa413e1993e5de8c28f182556cf1b066f0acaf8147 3403677959 1493742198
83f07a5c03e3815e5bf2b885658fd2f802a249af9fda942febdc3d5d908eb099 2277823171 1493742198
83f0b4e16c68a3cc67108c46c7313635697c4b02e80b3937f39b5ee4ec468112 1746493963 1746494219 1493742198
83f42331dfd593f9de04beedeef1255c880adb08c6bb2c3d76d1c1c538dcba00 583064168 583042182 1493742198
83fc0350e67cc50d5d16f9fc10a41201985b74440332d48084da5b8341ed1be3 3394297050 3394297045 1493742198
842c81b54aa9fc9816542e199d52dcb911e5346930e97a34100ef245a1f850de 1540920114 1493742198
842fb9f0b353b8fdfd27528240dfc97204d16bba385ae64f4e412257f63c043d 876777673 1493742198
843314addfe077d4a27bf47e7df5dcedb9e1a84dea16586523317a74912ee59f 1745880077 1745880333 1493742198
84338fdfd558983eb6c4ef68e78063efaf84446ebc3f1be7d8a8f109e5cd28f2 3571481712 1493742198
843c4aa932a9d6c9da8523373191385657a45a82ca4edc4729060d12e6d13537 3340690544 1493742198
84426c7e7fd0297d5e9c2effff419ade3ad2dfad4107ba4a87e772b9c60a7b35 1652344581 1493742198
844668467a42b4485c574becbb5f83badc7adc2c52ebe477702d1c5462e092ea 1493742198
844eb2775d9f45201af4065ce22bac8987d11e60a313d283a18e4cfe767e4cfc 1746406722 1746406466 1493742198
84539d20e73e5ba14996d02836387422667ca9199b1bcc307153d215c33a5d9e 3497223970 1493742198
845d12d980b727f02797bb89a87bd0aeef46c8b71e378ddfc0e4b924edb27e51 1074671759 1493742198
845f6f7cddf95a516785340d339ea6989d5776fadc0843365321a5bc3d71179e 1592055782 1493742198
8461732c4abcd71fab5ad2df75e821331d3a074b3026cd42a37ee3da57130912 1493742198
848370d40be92c45545c84cfb8eb188712d02ab7f60b1c663d395ce4196b8a6d 1747505955 392180789 392460975 3220166085 1493742198
84845135101d2ea28fe69f3641843cdc48beb20a4b9fbacf5e10a97337168f94 623925617 1493742198
8484e409a90e8351b8c808b2806f45faa32158203c02aa8d0dbc0f63c479c5a3 461754727 1493742198
84ad41b192ab8e6db412bac14b82e6f4e825fff40dde7d0fdedfd1299861648f 1410648092 1493742198
84cc7bdf7724b7b753bef09b6ca3f80ab13076a81964eb20089769dbad3f2b70 2230301797 1493742198
84d321e4ddce27efbe486d2efb8b95d5325f76946bc8f43122295a926fcd1a77 1779130117 1493742198
84d629692c48979881080b5b1a133f7bf85d3949763d887bd21fc02f2973333e 3625258252 3625258253 1493742198
8516cf1363ac7e9a087090cfd809669bed5a28e94c70f8c7aaca5b5b524e0d0e 1746635883 1746636139 1493742198
85344caf4a28072c3780f054edd7ffac7ea8ebd680b46c6fcd54ffbab4df8224 1746671221 1746671477 1493742198
853f11c5fd71169baf277cca2d326d489e6338441689cc130903d00b5898af3c 1602914704 1493742198
8549ef0a93c21a27e16b14c0ec496fbb4d51eead3bb073e6952dcc884028eb2d 875589340 910707494 1493742198
854fbeb62d2df00df27ee66ca6aa989520f2ceb9407b588de8fd6a6312f8da2e 3700980481 1493742198
856a269291448467ae36196266158a05931908cc7b392b6b317235a68625e9fe 1087540740 1493742198
857059620c6e0498700f5b43855705830a6f580ce2353153c59470f16a3cdb13 1730517033 1493742198
858173f0a21c56234a6fb2e0757bfd172a03a152fa99806e90363d82d27511be 1746434828 1746434572 1493742198
85832061fa18a0ba709a18b1ed9b8cd76182e6d2c6f0748412c7f7d10cffd3c7 875400569 877106868 1493742198
858e564cfabc50df5eb2aa31f2107ec3c1df3bdb7760a3e7647c2589b0f7d13a 3495860580 3495860324 1493742198
858f3e83eeda977d7837f1e9df7ac57e3fc1c8ea6a396f6f02e77db33a2f7cab 922445593 922444581 1493742198
85b010c8987a34413ed6a6b05605cdc337d741bef8df136ac1942ee8437edd29 1167281325 1493742198
85be97e25d669ee83d4a5035e40719fb5317b1dd1501a91f5fdf97ee456bc12d 3229415690 1493742198
85fe211b63c4b90fc2b9ea163e141074e381c919ec5cc09063c7e3f479ea6471 877199003 917343670 1493742198
8600702f742d36d7615e1687b4229e291611e248cf8f778eaac011970f06ede7 3272871290 1493742198
8610a4c00a3d6487a8bdf79a42d1c005d8753eda79883ae91fb7da2a7200400c 840716255 1493742198
862af62270c221efdabb7e2955d9152bbd9c40f7ec8380047ceb4386984c9881 2360663830 1493742198
86336d960c7c0e8809799f8c6860020c6fc9c2dac7cb374659ea3b3ca9998889 35035882 1493742198
863b70fff1c19b191e1700b77328f467a86474007663a65032b49b221e0f7d9d 3537073381 1493742198
86585eed03ca1c28e563c4baef873f47a922ba366ae619f4a86bb7c6d3fc0986 225445227 1493742198
865cfbafe750cd53d1bdf995de97722e77554091b3de744f90c574a056eba6cf 2606860599 1493742198
86604b6d2a6e32f3b4c72aebc1590cdfeb0420d0c2db14be6088ee9364e20b2b 2899907171 1493742198
8669e450df049bc785da382bb5b876a68f64bff9dcc4f92e5d189370a2a83ce9 1088528061 1493742198
869e61ddf081af1abc4e6bae53d2c305472870b30986fb74a5bcaaa135e2a170 2899907171 1493742198
86a2699aeabf9070583cb9e40c8cf8291576e8704405f87bb4ae4dae0602b463 883831030 1493742198
86a577a25c3fad82775a8d8dd94f0e7f193efdfd225fb7f72d37f54843c577ce 3432750874 1493742198
86b0fb31549b4ea30edee6c7a10b0606d96687ee2a5832086160655b9932f1f2 392538543 1493742198
86e457f60d2d8f7bb6ef73e1f520c157916750caf335e83bed397bea058025d5 2293492806 1493742198
86e51be0dd5f4467132ca44ca78fdd36adb7750f52539415b770941d08bd8137 3221555978 1493742198
86f6d05808c476b07c4fdf968ad4b9879cc20ce2d40eb560041641ab743a3fb9 2095137178 1493742198
87066233c6368d7d1a7989e95a31df2f7af50ce392654be9ce55501e97c9fc9c 919777860 873902939 1493742198
870c1b1919688d5e6f3c1ca689e72991efa75687e360b955f04b3bb83ae5d125 3105716234 1493742198
8725042d0a880555052094f499a45f98f4a22bc364dd2389322dc4ecbe681785 34920017 1493742198
8725bd99f7179d9bd6c3845468814f00a9ac66c69e43171a5835dc803f4d89b2 1534696595 1493742198
874211c96488506bf20d31262667fd42b3bdef7676435886f498ff9e8451b371 1992284202 1493742198
874c6047c992deac124c596c5fc7965af85d72fee61b886a5a9c0e6479fa3b04 1806890205 1493742198
874d7a75ff21ebb750d008dbc5e06c330fadfa4ddcc45eb0be4888e691011d71 2056467779 1493742198
8758bcd047fd481f08a5504ccbe6cab4272c73e24a26dfc7f6c8733c7efae009 3245244615 1493742198
8761b1e1b1be8f575078ef458e75d54080c873b840b87321547a5b5dd09ef5af 877462413 877439142 1493742198
876c6e40df0c33a38e2359a0795327b263780af77a4e0f062a6b6e429cff0ab5 3652138305 3652138342 1493742198
876e69fd7c3234e2925c63dbfa38d3f55ebe4526e0732c8a2b245f093dc3872b 1746408047 1746407791 1493742198
8777b7618071728f6e6894a03e99de37ee0428a43c8b24d25eaf3fc582066458 1745910816 1745910560 1493742198
877ca9b8dd0b5eebe0dd82437c136d98ff863d5710a77dbad227895c35e851ce 1475388754 1607797684 1493742198
8792081333623ca210de1148c061a722ce017d0a385ef9e6d53b917773316257 921129418 1493742198
8796aff2a14a1ea1539265f76b044f1faf00304d6d9e237aaa21da6c4bab2166 220258383 220258511 220258451 220258367 1493742198
879aed84dc6721898df42fdb003151cd35895554484dc5da87db0ab1d377eb22 1087355441 1493742198
87d5789e5d4acc5aeaaa18e5277bd39653c218a3e8cfa6198c021c283a8677b3 1074551226 1074548537 2511235937 2511236710 1493742198
87d6f6dcdf598eebc651b9ebf6d14bbd208841cd0a12795659ffc240759bdc6c 401358483 1493742198
87d82716548b54c867cbfa6e899ad01ab965f23997283d9f20ae59e0e78ad683 1746492779 1746493035 1493742198
87e509a2be64a0e11f92a743cce899a84203f51dc4381bea72c3639b29deb78b 2097583427 1493742198
87f12485ac2cb08c2c7de03d74fe53664565f545fcb4b19cbea0e3a30a0e3786 1489377794 2362641257 1493742198
87fa8afc16cba9ff1268e47e0306ca198a435d22131897729058ffe04e140918 1746143074 1746142818 1493742198
87fc0b08c47ef5e85c0af5799d16b17c802ef3fc908c3edc231e5450d79c2557 3563014698 1493742198
8809d86e533acab576df4dc7b44e6fb0a5b6b08020815a4de357f157b5e388d9 2539978956 2540028108 2539995340 2540011724 1493742198
8818ba9074a11b936fb02349ce28e67d5d50b6d7b83bd80bb30fa9ffb0ae677c 3507429956 1493742198
881a14c94b6f0df3ff08395dd3c7ad9f351416988b77902533c49713b66925d8 877292510 886887266 1493742198
882ace86757cd3cb5ca8e0b31f83dc313740b3c181c73421b7ccf942a5a48fa2 3531696363 3531696361 3531696360 1493742198
8831683f3ba5d45202682b7861113a8f3a7492e39754fcfac6cfc8e03c5b253a 3627734052 1493742198
88485b16543204a04526c1697a5f876c3f2d68dcb28a018634290fc09360cc82 89081206 1493742198
8888ffb36cb73932fcaa6aa4ba8c30c61156604851827c9c336e86b038cc094c 1745920947 1745921715 1745921203 1745920691 1493742198
88b768e2bb15be9fc55db7d3c978eb1b71c85e7abcdd6a6ce2fed06cb351ca2f 583291642 872719971 1493742198
88b7fc2bde18d641ce1c78c6e468f853fcce4d809b6e83ac686af06793c30284 2467672078 2467643662 1493742198
88b97b2f2f1178097a6f64402364bb9b89d617339ead9280d4a94f7f25233658 2734584855 1493742198
88ba7acafb6c36357c1b86f2446a119fbcc8f4731d4b2c520c662c07bcae3b93 597760289 1493742198
88bf3b2ab5a2901e1ff9708b17cebaa50117c692304954b6c91f0cc83e4438b7 2153847589 1493742198
88c6a3dc5d6778377a71c919a677449550ce7cb387547dadf18f53de9d1a3ada 1746881007 1746880751 1493742198
88eef58529bc6edd6cc27b20f89913d14a5ae242df7394ba2d7d24aea702b890 917056694 1493742198
88ef41b4f522d492ff87a81e9c4578b9eabbf84765a9ca1438d1e3c039f1623b 3221245728 3221245729 3221245464 3221245465 1493742198
8912219d4518ed3d64e756133ff5ff55e26a4e24705e84d188d41ba8f7453807 1407696786 1493742198
8914fbfc2c10d8dd5c657c8e5ff0e48351554e85db13ed1a9b4533399fbd391b 840056347 1493742198
89166529eaae7651d88d7ce17c9bcfb28ef24d4a61805773dc25ce6a7095f913 874369134 1493742198
89185a678114c266a94653958cac1fa3f9c1d60f94b8ccd9aff88f43c08a1e10 1746404398 1746404654 1493742198
891f65bbf772a2b24a571aaaec300edf74aea83a68c986bcc2e16e11b8a78f55 3221243907 1493742198
892ad0a15249b4809b8b5acbc9b367ba1c5c37c20be4adeb497565ea902b7e68 3633458698 3633458699 1493742198
892e7bcadfff36f32020720b26de4c20b50d53bbf06345840c4dd1d86f172040 1970867217 1493742198
89342021ef0ebb45d289b577bfa8921aef81588cf0c5f4b98495a0d00a8427a2 1138601502 1493742198
8951fd299b47787d8b637b850c8efbc8b241fa0c0a9de8e860df54c15defbfb5 1746002956 1746003724 1746003212 1746003468 1493742198
896f09a85b66ecf169a63caa8aced8d0291ab2f2570090b5978ccc6fee6d9168 3495162391 1493742198
8980d41f13f7b78b9e1162e01051cca223bf51868db20a85647a5c632028ff24 84540776 1493742198
899336440627e9da55c0e443c02372228c961ab67f4e490715350bd282c3c6b3 1482152760 1493742198
89b7468cd1ebafbbeec5e481f87dea37f5401d8145fd4bcf2955574da92690a4 1411713463 1493742198
89be06d2f2af3ab58f7a4eb72e554f2313298db3cb8889632e45c7bc93b9e3b5 1136683674 1493742198
89bf60c0a26519040a83134ea33cf7600054184292e43d7c8f04a372fb0b1e2f 2956278626 2956278625 2956278624 1493742198
89d397a931e1afd12b7304e6cee491389649e49107ff56917b02e79927b980b2 1592548864 1493742198
89eac0daf928a8cf1f6523c8b46001efbd3b506ca7dc642366dfee12be2aed1e 2649752339 1493742198
89eadefafc995df7c6f587b30a0574e77defb3442045af9e7b742b3cb1bced1d 2539979042 2540011810 2539995426 2540028194 1493742198
89f1b507b68fdefc25d515834bf98e7b9fc97d56dbda6f7f7e6bc107ffc62391 1939859356 1493742198
8a07376037b76958a62a4e9db84851e24cc3e32a754e358099b145d47b7c4269 1248979421 1493742198
8a2ae0365e417d7d9da391b817a1197c3a6d0d5f17c088a7d9b213e0e379854b 3626229068 1493742198
8a2d96b52b1b4774596ef810d631f1c4336d84118846c7d2c6306603ec2aa4f8 1746670870 1746670614 1493742198
8a4340143a246a9649ca5f51ff5c263f1b52540b4b2395230bbf51442e718afb 3630313561 1493742198
8a5bcb584c5b87f9c6638f58338ee5fbccafcdb620915335d663a513b287a166 1493742198
8a7dcd0c80ea04d5e3d16516ae91c1ee7b9aebce25e90cce01def5868e39a9ae 386595107 386595113 1493742198
8a814e1ec9ee6347f8a87ff8c7071c3712f1f18d156d103c87aadcc62bdc5445 2110903887 1493742198
8a83f11116b50fbd53befe4062e01910bb3ecf6e58301bafa3c81a9240eea9fb 1137341062 1493742198
8aa06b0744f9d1ac4322b7bc15cd2186191266a9e144b4d26d10ab9c6ed67ee2 3532960150 1493742198
8ab9dfb2af2370303d76a4f8e7c97ce7f745ea004f6889beb3b51a685807cbf4 886148489 586786072 1493742198
8adad79ec05f98884b5fed8fbf85fb8c360ea30d3c6ed25bfe7036c24655847a 2760513288 1493742198
8ae5bf526499ca057b1e06122978444206fc4051c1756d0da7ac54f4a0193687 1746164249 1746163993 1493742198
8af52224f649ad8b8d4fd28307a9a980a0e466b30262cd067deb36ccf0dc7df4 1741725972 1493742198
8b0614fd9693570c982276736bc467d20fb5a37ff72832410d4b05efaf7c1f28 886290193 917190292 1493742198
8b0ca10659c85cbbcd99c808e12d70001a06ed4ad4781cbdff95a9e851dbdc24 2071821684 2071868250 1493742198
8b3c07669834d5c05520403f732b3d081b420798a180a3e4d37601af973dfd88 2111101051 1493742198
8b60968bf40ec536b6b880894743a7780508f9f91693a90efdf7a68105cd0707 922446720 922448636 1493742198
8b7bd83d52c3bdb5f4a398a07916a7d51835e56e4b429f8f8156638f6b1a7d0d 2954911024 922284422 1493742198
8b853bc48b93d6ce69501e99dffe2ea3e4829579f66c68ecbc48ced2d061a64d 3495856453 3104221509 1493742198
8b8b181262e744d6a47d285034fa46de7c283d79eca7da68085221cffce96b67 3287874142 1493742198
8b94c01d131c01176fd8c7267c4d83d271b22c4447b62e570f7edad69994d06d 872386805 1493742198
8b96d3d52a4925df7bed0a75a56387d7fe76ea1d7ea94d071db904f9bd70a76d 2899907177 1493742198
8b9c2bcfbe60fa42adcd3dc525d7afa6ecf9ce2e5c35fbe9beb2945250950060 3569459975 3569459974 1493742198
8bcb3c1f71a8269d00c4251648b576bd991fff019227d9af06a42f28fe39c719 840067827 1493742198
8bd52b3b6b913d8f293b175b565cab34e682244b151b306b91d536851e6703ae 1751923383 1493742198
8bd7b1343600bb7b2be99debdd525fa18d24b78819eace4cb58d169b28c2433a 1297626946 100663045 100663095 1297626935 1493742198
8bd92c28056435f352f458d16e2cda6a839265a1c8b1b98621ec4763ada79327 1159778378 1493742198
8be1b01e8cb9215fbeefd6c0d8c7614e127f678565872aae15bf481f3678806c 2459202140 1493742198
8be5eb1b512d0474bae6e83525382114ed0588b92b3b8d3d0336b519b10f49bd 1746499094 1746499350 1493742198
8bf423abeb47547eb650c832ead3f92cc49da34e83a5c6b08dbe574931d41aac 583343476 583377309 917282427 877138669 1493742198
8bf904e4eafd4328b017e33f33c50234ece9c030411a8a7eaddc12f4198cfb23 875569204 1493742198
8c01ee3b9a5e107671b82665f3f1570f6d41d98165df65d47569ae72a6ff8bac 2899907182 1493742198
8c0cff9f0f8a7c011653b1ed395efe42877bdd934889218838cad79260172aa0 2362284117 1779130113 2362281212 1779129875 1493742198
8c0e64a2e77ce6853ef6e7e3ca54794366225e872934d47e960aacd5d16da179 2247284231 1493742198
8c177bed4c9ccc8e389f1214e164c36747746ef70958f8f2ac7fca338bece513 1746193179 1746192923 1493742198
8c25e6fc19bf47cd2bd1c8447b4401726f5b3654b155aa8a8c3c11ce0f7a8bf6 2362288702 1493742198
8c27d3fa66ecebc7d911d705d84fd54b045e2e80ecbbff52798e7c400718eab4 2539995265 2539978881 2540028033 2540011649 1493742198
8c2ab541ee37a6b54dfbc9b484a7326fec092ad9cb3929e5a631e57fc4858356 2540028143 2540011759 2539978991 2539995375 1493742198
8c493ed7b4cab4e95f2cb7f4be3cb076d5ee119a3f1203febb62a6853ff070d5 1806890429 1493742198
8c4c4c9717c4dc188b96b2f5057fc7194c219d63f44c340f3711a3d1aa6418ef 386595104 386595120 1493742198
8c67cab477fc7c6dc489b659b2b157258d05f681d988c7e6082587a344e71205 1427227656 1427227657 1427227655 1427227651 1493742198
8c6d1675818d1ddb4a0d19537df23fffbbcf80172d4d892f2519a6415e29dce7 886144484 873635184 1493742198
8c7a9af0115feaad9e9866442af8f2444b10e1a1036133559d6c04d5a24a6576 2499509762 1493742198
8c7d500a4c59aa28ff3eeb2c670c5be2c5c50f4ce5afe3330b7a021c7c7650ad 1110938379 1493742198
8c8afe168f6d50bb5eaaede661b91e96f7abedbf0c319ef149f5479dc75f255f 2161950760 2726364692 1493742198
8cabd673be5d8de2b0d6eec0ca03f42fa38c83dfa6a96080849d6dc5df54dba8 1318836321 1493742198
8ce0ec423e3768dc56907fa10b667eb80a0b622a250919ad8e7344cef893911e 3585393001 1476066153 1493742198
8cfb1ed473c28479a7e7e45871668a80649b3669c63bee0b341cf4a4244e6d0f 1493742198
8d0805595824e18c46bc81840c5e24474c0923025aba0b8aafea6bb69ae7d44c 1744075914 1493742198
8d2a8065277925c3a2aeac41c62a5e0630afb78c1f8e3790f96d8be58ee8101e 1542404085 1493742198
8d43941f55ff0dc7522f21b7a0a0b5f969eeff828b6531e004a79e012aa966cb 1476067083 1493742198
8d4739184fb12fa7a5dd4c9df9e05d559db2a42f703f1b8646bd994035d90de1 1746159726 1746159470 1493742198
8d5af39bf930d58942449cf48a6ab575fbaf2eaa28e1e19b74375ccbbc0c2895 220246199 220246043 220246054 220246085 1493742198
8d64b040262512edcc5df60d786a552005882efe96f9755e1e98545908110314 1841922617 1436542981 1841922618 1493742198
8d793125ff39a2e1da6f7a0112df4f08c8a89235d6099cf52376e2610964f588 469654948 469654958 469654945 469654947 1493742198
8d94649366ac07ee136ac807f26ca645aa87b6783cef24f1601c3d823e94ed7d 2539995567 2540028335 2540011951 2539979183 1493742198
8d9ee17b0a409d2cefc80647b9e0bc3ebe569e1be70763f4ebd65bdfe58e33d2 1493742198
8dcf295a457d0b103527b2ae633cbca086b50372af07e5a2de60191ac513e5ce 3407604552 1493742198
8e12ff485c981be0204859cb60cfa443a131a947664ca1003bf6fb14245f3242 872562408 583384131 876004335 1493742198
8e177a015fe5a8c2f83e66cee3e88a599287188bbf77bf5f6a5f7ca39a019b46 2773008417 1493742198
8e2de7f688aabda0c9f0a0ab829f8160a2c15ffa2ecc003b900afd0873bbfdc5 3532946502 1493742198
8e2e1f27cef9e1c5f48ebf164e3b500fb7d2d969c58fa0fb142e7200bce54c92 1541242732 1493742198
8e3685343703c0311118e582c2aa861e5d4e69194dfe22b3023f9153e0a586ce 1746141623 1746141879 1493742198
8e3c6f55696e26230b9ff105133232685cb241fb8ee3373f50c2c39fd5254f23 872605122 1493742198
8e5558437fef752c8d1f98da94aaceb55dfdfda94e427eeb4daeae9fea3692a2 1075766353 1493742198
8e58584c31d6ad1b6aef844b07167636581553cb86270fc6dbb63f1ad5b0c61d 96767220 86457426 96767221 1493742198
8e6fc0e6e7f2dc942af7916b1dc7ca4d32f55f1b1d9345f890e72d13904651f1 137121794 1493742198
8e7a38b0c47c9f2d9812df4303153ad16a888d930a81c8fe83099c4c5974d46d 1248979850 1493742198
8e80467d84e2917c82eb592eff19578acb90e151a862f09cd4568ea1f3e1daab 1746672500 1746672244 1493742198
8e9eac355651af304791f9d032be901478c61035cdb69e83ffc67225a2fa63e0 1481989829 1493742198
8ec7e48966f573594189325c5bcec38475ffcf986063f6511f9f43cd0d85b557 3109981204 1493742198
8ed13b851ce1d100e4fdb1b242fff835311867c2dd00d404fb6c6a45fcfc4da1 1493742198
8ed2412b8c65d55c14a9a37bb6d699c5208a1aac3ab122c47a946de59e9966ef 1746885717 1746885973 1493742198
8edba1ba5d4c34285a7750f1b9673733cb0716150ff4d3cd641017ed2729e4b4 875166276 910553174 910548629 1493742198
8eece0568daa86e7af9676640fd6476e3f614ea1ff275d1fb7d52f4a56e8bb7c 3156742354 2297667033 1493742198
8f0009acc8b4786533a04f5ad6fc22fff521034c6695ca3f1104d4a54de2552a 1746649432 1746649176 1493742198
8f1bc8929fd265940c8ff322ae6b9da2301592eb5887bb72660d131283de28a7 3002657356 1493742198
8f2eb3034d02ad0021030e41de03bf2d36bdfc41b8e46223b81431cc97aca74b 1571708699 1493742198
8f48ce07f22aef592828ae3b5cb976f7993f32a2292f034a0df0a08a43871d3f 2540011584 2539978816 2539995200 2540027968 1493742198
8f518bb0a5a2eb60f9170f6dcea859c420f4bac3ddac12bc0b89e4a365f766a3 1757787359 1493742198
8f525bc23951cffb6028fd4828447f7d2196f89e0079ea506e0614539d6776da 3625101314 1493742198
8f7652ea49bed7fadb219a1100ed28cb52429f1e05792ad2fac2e5b92f38b8c7 886476332 886477656 874386225 886477673 1493742198
8f893773c652c093608a6e2626a3f820dcb0ca67d3faf8b818feebd1d0b52708 3240274192 1493742198
8f994cc016941ab6311805d3c67b5320e9ddae178ef18f88453d2eacf7f714bd 1542224570 1493742198
8f994efdb71dc2acbb832c23eab7753d2d356d501fd97bc94ddf6d7edb620d77 3401553272 1493742198
8f9f56b7247e4f578a268fbeb85bc3c970d3ad9fdf8a2e827c7c7ac37c9c0b37 1746636275 1746636019 1493742198
8fa703fc2b1fc2c86c5773ada5115f0099a38127998a52823d7632631e282e0d 883834846 1493742198
8fcd1398e8b05c2baffe72da020be8dc1ff84f374feb62465b907f0197bc644d 1745945094 1745945350 1493742198
8fd4ee789972aaa3676a733dc10fd0ffcd427cbb188af39aad45ce1dd345023c 3229415690 1493742198
8ff7b738443111b0b24a6aef0a443ec5d2060ebc5dbc0b696649020d6aa915d5 387440746 1493742198
8ff873d36444a2cf3cc3c8e59252957fab72d96308f9c11b433dc0c938c03f0e 3221245728 3221245729 1493742198
8ffbe417a371f5e89eee993d8c7bd8dee9eae8135c1bfe866e9c5e3805c00483 920502513 1493742198
