Version: 1
90046a7fbda3918967957fc0280b5fcbbe00db07a7f9cf64a8d6e7178498575c 1746403599 1746403343 1493742198
90119de7a49248988b0c083f8e36f9539a9b2c063ec6213f5b8b05691bfb5e73 2899907171 1493742198
901b9cb54fc763b2db2e8c8409962a1bb9b9353cdbdd7ed01afb14dc880be569 1208197796 1493742198
901d1805d3bc4947de9a040f2563e2d60dab15ea6c39b918b447d6ccf476c5ce 3365094426 3369943089 1493742198
9037665b13442589284b6c8920160b098c500a5417ba4d54fe5a89a6b4254570 1746470437 1746470181 1493742198
90638066bf3126fbc76afa74db7bac25375640fb9cb9630e75883b5c3ed1ff37 620874219 1493742198
90783bccb6d22f02ed95afb3b72ba9a1b1296b139ebee69eba146a8322832d7d 872610812 1493742198
90794b61eabb388254bc7d4b16a7b2c885882d621c872d77947d03ade2c9ed58 2987608074 1493742198
9082a2cb5c54d21c5c85af32e72cd760ed28ba48f82c78dd50aa274e50516bf9 1613583109 1613583342 1613583005 1613582961 1493742198
90b0ad50a841a9342821c3e949187128432831a68da38067dc51591a6ac3f27c 2539995589 2540028357 2540011973 2539979205 1493742198
90b1c62c68683be9276d538174e551a41ca3b30811789eb46b85c15afca7dc0d 1746472205 1746471949 1493742198
90b34fab0a5067cb47232f4cc756169b1e7e695a0cbc44bbfd554b89c6051195 1746405642 1746405386 1493742198
90ce957778d13b453b7416c943e1720b3379d7c77814c6b70028cbbf7aecb644 2540028300 2539979148 2539995532 2540011916 1493742198
90e7bf83333a43b09a2dfd32402de8632ba19fdb831252fe7c40e7e2c5b6ec7c 3264604484 3250695478 1493742198
90fc87eb7dab53e06eae84c6f69a28a04fd2ddce6212b243b279a4f79a3f9280 762600193 1493742198
9105d79297aabede01612e1c1c050fea8d8f455b673f860f7d80b765baad3b4d 2073451535 1493742198
911be3366da8b191d878195ec350f61ccbb38bcd89a4d22fb3c9db1afd5dc509 2499514860 1493742198
912f0c6b3b0ba1c2fbaacc19839d6c61fb04cc6a03472cce5096b931f3b0238e 3639550997 3639549973 3639550485 3639551509 1493742198
913bf74b2177fe404f7cc2de8792292318d4e05f2d9e161f34ead308012216fa 3280890596 1493742198
916347bf19794396d64d4bb3f0c6c9717c0178e1ed8bcd1e9720b775d0fa3d81 1602427767 1602427766 1493742198
916cc3e9650136cd54c252efbcd5730404a42577eeaa0f37a86bdb0bb14c3f51 910472776 1493742198
916e7390d79100a0d47d890d7037c42bb757cf5efc95a50bf796ec39cc6caa9f 1745916865 1745917377 1745916353 1745916609 1493742198
917abb3cc0c9496ce43ebdf2c80c95967f063a9f7649b420bb6f98e9082f9ea3 1746179083 1746179339 1493742198
91830aeeac8ac9919cb41671b87257759375a979aef16a9e2c46942314669d0a 1751004977 1493742198
9192ef8eb05bdca910d34772df08b4fdf378536ac38c9fe44bb8c502dd24f841 3251168013 1493742198
91d211ad148fd547e0e10e5e6feb9ab995e4f40f369a0800e85486ee4aba2695 3254795039 3254795038 3254795040 1493742198
91d82a682ec41a84611b61ea2b4c8a188659aff71149e5723d19ec3ae8d336d2 3324629124 3324629379 3324629125 3324629381 1493742198
91deaac8f9da2b99e0cc3a2cd523c914d0eb9971b156144fe132dd88c57147c2 1746634203 1746633947 1493742198
91f00359d461a83d5e113cdff190e90b96ae9c9a335fe5e8da09bc2bfa73595b 1505711636 3583728650 1493742198
91f55363ceb99f1595fcbd7e0dbac71f7fdc7d184aa7234b73317cd7510820b0 782679076 782679077 782679078 782679075 1493742198
9207a159f13365d40bd21a556caf9d40725f510dad52f0c2e8df3228a630756f 3283156972 3283156970 3283156985 3283156955 1493742198
9211626391ef4fef139cd55dab509ac6b24b1ce7855b4f6395de87287044d8c5 1746508294 1746508550 1493742198
921ac6cfa272ca762b1f83c91e6f643d69e0abb4cf8ecb9872551d48bee1e56b 1746163794 1746164050 1493742198
92237228a4ef39b860018c3820b27ae19e615cf849424412f6b5c8f6617daa49 1745932900 1745933412 1745933156 1745932644 1493742198
923924d81e805723bfdfc73683291217b8decdf5abcfd1ee1626a642943d76ed 621408033 1493742198
9260c99753404ff42e8e4d649b5e1cd28324cf6043f369cc9bfc4aefb99909a1 1746019031 1746019287 1493742198
9277c0a96c471a7b2a6b4c543171948683b2f3c859ec41a428eaaa2b2160a356 3059509399 1493742198
927c40821f190f2311c167328ec911d0e769775cdb58c77a1c98e3638ee52cdd 1944983536 2362265072 1493742198
9286a238ad926d290a4dbe8976344a91a87595a8c398f4a499a9ff7454bb41d9 1209389597 1493742198
928a0f57ae12a8277ed300617b63c70f35cd88043591506c06bc96180b4c28d0 1746410833 1746410577 1493742198
92a00401639ddaccfee69b65b776d445160d794fb7ecd365e4e395e6f4322465 977569436 1493742198
92a4fbcdd2c01c44c93c35536117c28f9d4aff5bf6f311e13f83d38b92ede08f 1147370401 1493742198
92a712cd9d805f0074441dbb4033b6e2fdea47fcc5f7d246450af0cb9355e23e 2899907171 1493742198
92c8daad031e70daaeeca483bf0a5c3e5c4da5d6505ecfc28e150899e5ba1c2d 35035229 1493742198
92cb80499c211fc69f35f79a04dd23f4e4f3668f451924456a7d7fbbd19c83f4 1653576199 1493742198
92ed73f8003cab1a451dae2c4bd0a3e66f3ef4819fe152914f272a2a3266fb67 2342709379 1493742198
92ef383ac67c92dc55e31e8975ffa20b09661a7e703294b6febe9a400277bd05 1746885483 1746885227 1493742198
92f7cc1de4deb343283ed4b2b60f8411a2c5d607c44e18f87b6a5e808b71b336 1600403727 1493742198
93297e6d47fc278d8cbfbfd637f98833df0613bbc4925ebf0ba64a6aadbee2e9 917421925 1493742198
933cb485feb41ab5674594457a39d6668ff1a50de05148b97a151084e6d95b18 1653576199 1493742198
936029606477a1e139aed10d6ae0c56664010d0dec3faec4cb77626a812d69dd 3427130657 1493742198
938bee2db9c0907ddfc36277f87210568573cb95fa6fc0a1db835d0808c242c5 1746866435 1746866179 1493742198
93945e47fc535137977b75ddc6e81e206e2104631b012f12ac5090b94e33b097 3563014693 1493742198
93986f24b983defe73adb00ef2306770272c1819951e257d81997d0529223279 3533212222 3533212225 3533212223 3533212224 1493742198
939f84e358df7e641ddfc163a990d196f339302a05243f852f383848057988e6 2899907171 1493742198
93a0640cbc734aeb1d6976c471c87c03b5355b73cb7601c8bfbd93a8a8b8e557 1505307398 1493742198
93b7755312da842eb0f5ec65e064f0f0a59a29b6307f7e01dba60fdc7356ce60 877273140 1493742198
93ce53992296d51768c0f095cf19c5ffbcd27fb873a6232d8edc4d530e62a0ed 3401033005 3415898909 3415898903 3415898894 1493742198
93d89b50c0c9d9da309d8b5406a25bd768ccd3375bdfc6a237c474e39cab17ed 874213562 1806890205 1493742198
940c024f5c01de77d001ae5ba71b82262b5c247a65a1a6ece2712d6589d1d673 3740314851 1911619082 1493742198
9411cfa18724f790b52a3ac41969fee2ec92cfab4002e488202b121a62ab1bdd 2899907171 1493742198
94146418836ef3f97aaaa5daffed5dbcdf61cfabcb4401918254ec1e04117434 3289087399 1493742198
941e1d79f5bb7deea219d38cdd5474b51c99786381d9e9e88d08dc9704843abd 2090423067 1493742198
9422e9640edb47012c586132e7e4936f795d37ed2ed2badeae5a20cdf81f4c2c 2745966926 1493742198
94385440f27cd693203dca7176bbbbdd6e26a50169015662bcd8175de10f1ef9 2097583373 1493742198
945ae162d01d463e3b077f3ac8d0011d75ac884d1f4a16752c5ba4a817823b3a 1493742198
946906d907844e1812ec09a732b71aef96a2f45e91e355e9e43fd5f8ddc0ae44 2758041163 1493742198
946c1ee9721135cad640e1f30acbecc39c5fe06655255ffb47129e0918d42b1a 2065596611 1493742198
9488fce3e6393196bdc441fcf96df7450422226c64bfd77d18307d65ba8b2da0 2539979266 2540028418 2540012034 2539995650 1493742198
94a008c6d40ad619c228edacb7a9734a050b309948112c34e8c2212dd3c1b8f5 2689796240 1493742198
94a534379572a8b0b38a7d00d83088694bcad2e559b434551bdabb7dd2e44403 1745895007 1745896031 1745895263 1745895519 1493742198
94a64cdbe6f5ad293c8edf43fd0a65a97cee88b0e6bcf9125cd26e857060aa85 1746024848 1746024592 1493742198
94b6c3225e466197f09cff13720196f7433a23f93499b50d13d7724bf6f73b37 1746026050 1746026306 1493742198
94bc26d18752a6376f7ec6f10054aa87e014ffa8437199868b64b2e3bf5deed0 387299502 1493742198
94c01ea8f0b8ccf5bd5dc9611302eaebfb3e6ea9f5716c73cea863b823c85cc3 1042779932 1493742198
94c72e0bd3dcad06cc02016fe82b02fcb8ed301ce3ce3190ad1cd71890a9cb49 877435522 877513298 877513023 1493742198
94ccab0daa0263be76e8d2ebef69c157d5d06f18423a27b6a5e0ca3778adf1cf 1746642786 1746642530 1493742198
94d3141f1abdd175ae3e6944355e9d26643c26ec0c1edcf702eba78b1d9ab387 2335925316 1493742198
94d826e80ec842f1a4541c155dbefef04164baded867b8c16f74a347c7fc3fa1 996827787 996809867 1493742198
94dae1052efff2f370f1ae04558d43379c71d40a2bdd2aa52505ba0e904f02b6 3368658429 3368658685 1493742198
94db51076317b71dfe2dca326965794ddcc5bf3aa5a5927fbea9401ab1b7c1fb 1589032754 1493742198
94e06a816ebc645e4e2aa010bb2a4501d5295ab2254b00f63f2fa4be1d5071b8 2013137730 1493742198
9506bd3106fa836bcd51213a0efabd2beea0c53ad649a1f5200ad40bc65abdb8 3399366537 1493742198
950f3df573c2f26898dcafbac5c9df4ed6fa4411bf6b6475aa65f23571cb784f 3255615913 1493742198
9523334789b9b07b8b1d6bcf283cf5cc806aa6ba9340087731380812dd120d5e 2734382327 1493742198
95358eff1a66edd1e2dda09caa86d631d93f42fb23a14e8254afb93a15438b3a 3558924295 1493742198
9535d907d9a5ae36b4e47c1c6543604e0dda55d93f0ac73d68a0267cce1bd21c 1746884260 1746884516 1493742198
95397c4955fe81ccdfe240414403fedc1762e41b3030bd305fcd60796d2e3ead 1746518045 1746518301 1493742198
953a8ca0071939ee770cc5de49211ae289dea849f19adafc705817dacee2abdd 1490036612 1490036611 1493742198
95463f76520db811771f627dea274787a0541a891c44c4bdbc4ff1b2a32e5475 1504153368 1504153121 1504153126 1504153367 1493742198
95625b9f3d9e3925ceace0bce9d7e5a4240522072702119357fdf7cb8811fa01 1249558099 1493742198
95638d8b33d38ec6ca90b4aa2194607a55357ba76a71d370f1dc43927df0be9e 1559737640 1493742198
9565bcf50802b699011cfd40a683df23e9cc3c7cd71bd2a938856b00ddc48f41 3031635848 1493742198
9567376621a73cc859b71f42d8097ac5dfb1d74f0cc71a7dbd34731b6dabd873 528743698 1493742198
956a8a299dc78771887ec7e2f99ed1ad3dd98a77c39240f435d9cc71d7b7c555 1746020414 1746020670 1493742198
957ea204ca688a95f19dfb108b33674f379ab12d8c66c0165687d4455e4e073b 3245203783 1493742198
959926facac22821f1ace9aad93f75e5eebc7e539507c7ae447930d8c7a58c15 2540028143 2540011759 2539978991 2539995375 1493742198
95a858b6184a15a1d9bbca0c72a47e0df14551a81b28fadba7fc50341c5177bd 1566792897 1493742198
95bf5c50a47b127be2fea1633921183a4a11c0d42560fe81aaf45bb17d5873b2 1600403637 1493742198
95dbaad817e75d24ad5f9b3c17d435a9cae80c58253b25625ec81604fc6a0b4f 1746886553 1746886297 1493742198
95fcadfea2ab7908089b187d8b15775ed4a3e4df160f6ac696d290cfb9981831 1746524687 1746524943 1493742198
95fff0a36434fc36d875dff44fce82fb0cd98c8fd3ea2fb3869b66fdfc3381ae 910236942 917698594 1493742198
960b26b3538365c673558d2b2e16acfe42e6a352d030ea47dddd3e0202930207 3107017958 1493742198
961a9f3680a47df993528306850e95e1aec817d5b6f6a49cd9f4d34011585157 1745920169 1745919401 1745919913 1745919657 1493742198
96254fb4e61f4cdbb506ce5b02a436d6df2b02af4978a1398a37cf45e1f74674 1589023427 1493742198
963b94895db566976842b60d68470314cd979a305236f0acbf26b4e79f8ca9bd 1087539078 1493742198
964050c38db855b967edd5821e85cd75e04fb122b312f46d7431e2d59a37f2bf 1123968944 1493742198
96520a546ee1e5e48ca1dec0ea63968390d5149d1aa7c38ee726e1aaa623b0f2 1079763538 1493742198
96583a22d7d9e24b102de0384589af381755b48fb6c23aa4c76c193fd6a2e0b8 135908668 135908669 135908658 135908659 1493742198
96589e5f7a71b926dc76df85c95ae55a3deecca8f27dbbb6fec537dc733216b5 2540028229 2539995461 2540011845 2539979077 1493742198
96695a48bab964c6bc088975314dccb4fe8b06483abf75e332512477accfa173 2655354932 2809314800 3340926244 3340926243 1493742198
966d1234c83d4a81842a4ec8c263cbe5355b1b6be8a4d2922ff8dd1f297f2496 34919548 1493742198
96702d9955c37a6907a566e2aa693820dcb505e4f19e529a8468cd9c20b1e7bc 3629618290 1493742198
96761021d49535ba12d0b2de88320006bfc9630b8a31c4e0bebc8e7cd65f21a4 1515232912 1493742198
967f91b0150ee4df90659f0db5eb61d5bf397618e2208d052d15fc7a3c61fefd 1746670347 1746670091 1493742198
9687e740d371aaa2224da68f7dc4c249a44319b8555b2e8611c975cf429ec85c 1805280787 1805281043 1493742198
968bac3da12d1df3cea716ba1cad6a6c652cdda47530ca46e420f6f46f56c41f 2684203040 534659616 1493742198
96960622ff48d8e0591512df03884622d2a6f39875056e3ee7aa0d93735d5605 878355215 1493742198
96abdd2aeb8fed44bc8029aeafe4bbbd655e92c6cc98656e7224a1246e18fee4 220246067 220246107 220246159 220246031 1493742198
96c4bae18e9ee8ec7573541373e245418b49140d54d16a0357f9351546711136 3258322561 1493742198
96cbbf2804c9d21d61e2b22f57864470effc3b681a8d75144579309d11a3a273 3002657056 1493742198
96cbf2de4fe96c74835004374654a38e204c55eb94d32f36248ae458620c4375 3168216608 3168216621 3168216610 3168216619 1493742198
96e5898e306696c76700c5b6bea1e511c684ef8048ea4629834ee8a56774068d 2513091642 1493742198
96e89bc245169db94174f9f0774004485e9398e799fb2fab29647f7fcda65eb3 876210485 874350987 1493742198
9722f8b36c3501c96668c0ff7bd700fd6fb9df9ce3f6c46b8f2bfafbc3d1823c 1746181654 1746181910 1493742198
972974904f1aed4e7948c8f7c00ef03143c0ba4c18d5661901c0c5e74cc5e6ec 34920437 1493742198
973ef4efcf1a082cfd300a2d5ebbdae9d648ec35a2c9323a1b7fac4620a41cab 1160397094 3330699496 1493742198
97476f9946a770e0ec99582f8bb8d7769a05ee0d8c7b2e4b37600c936871130b 3221245728 3221245729 1493742198
9752a580343efc6737b42988539b4dc21bacc07777c6712539cbcfe5004ce22c 1908474149 1493742198
975c8257fd56080a7cf9a547b3fbe6cb9e588ef4e8b4f5e52b50cf2f0874968f 2539995573 2539979189 2540011957 2540028341 1493742198
9774795f9048ddddf61360783a42bfe6c29a018270568b0ae20b446ead2a1ecf 3002657028 1493742198
9789bd2c2031227be6feadd272e6e90b4fc87f7e2e8fe2cb690da1afcabd48f3 3405278904 1493742198
97bd0874946f88c6037271f5628bcfa6a46445c384cc613fdad16b4cb5c95396 1746492950 1746493206 1493742198
97d3cb666fb406c2777d32f486d887a3ec22b10bd07075e927b2852ed5040361 1746022013 1746022269 1493742198
97e0ed7653756d4866247e58aa6555192ae40d3d85338293bdf2812334804e61 1493742198
97e76661dc1bf258cc6dca3df45a12c1f2f946b922e3d0f0723e0cb2f8da486c 3002658116 1493742198
97e9fae8450415001b59b9c24c2cfb9d9e7d9fd0fb522eae4b017d0cc1492fac 34922288 1493742198
97febfb3aaaabfa119289e7d62ecfbf465829e9f1297d77f34ee1598ecba4d7a 1358692497 1493742198
98094d8ac24edb4cd7d642d498b69567d7ff20f8d68e279b4b02606587b3725e 292483154 296194087 296905293 296194603 1493742198
98156fb186b4ca4533e5a53c48093a364aad18be3e411e494b0d2ff3be95851b 1248979517 1493742198
981858f597932df95d5670ef555b8d9b3307e1fa305d214fe6f44cbe925b1ee5 3250698175 1493742198
981c3924647b17f4ea3870193cd25553e7a51ca83cc8e0d5d949e0396a69c11a 1746668596 1746668852 1493742198
9822623b647be59f6c088ba73c14352c57019cc674fbfb5987924ec18027e04b 3645426101 1493742198
9835255c0a8c052ce81f7594dbf1cd328447e7d477e2a29e996cb0d65a238e42 3415245897 2033503287 1493742198
983d97fe43e765f6a9f6e4d1e362d2b1a956932515e29f6618ab0d5db4c77146 983726852 1493742198
984df640aeb707ddc431b48d90986c11675217c696ea1c7fea4548300f230b0c 918813561 922199734 780777110 1493742198
9856076dad007b3223fc20fc3e046fb0e599a9d1a364e2d3f9663c246a177bd2 3739217789 1493742198
98658e9c92b8e776fdfb559ee9565708e38507f96a2967baece4fb90195f82f2 1745897385 1745897129 1745896617 1745896873 1493742198
98690bb6096644240585d972a07151722e4d259a2521886568e90aae00b7dac1 1248967780 1493742198
986a5cd227a766ca123f93391a09432b8bcbde7099faf6bd1748e1b5c7b2af67 1746522659 1746522915 1493742198
98c4813d7fe46e793d2033ab2ad965964a0842f8956d1f34b775c37fab44b82c 400756110 1493742198
98cb2eca04edfd961fb31ef144d60e2c84236602162388209564e2af1ea87284 1493742198
98e627d89f6e409d7fbe2a4856b2acdcd6a6370a48a097e09de359e445eecdd4 3732589996 1493742198
98ea9de7ab02b52a159472e2f826a47b2dfe7004efd57d2981e2c72c15cf748e 2724058983 2724062567 1493742198
991509cbc0ea462e5cf215714198495cab96d87797798d91281e12f2c2120114 1123968913 1493742198
991ef70edced81a12e5b4ad3af905b2f2085cdfd0d18988516dd2f9de6220b5d 1746528012 1746527756 1493742198
99245f340f4725f51fc9e001903aec900653f4acdfd265cf32f5a4778787d669 1578588676 1493742198
9931e2e3f1e73c887e5451f11ffaabe5b44e41994a876e8abd7272a322b3d428 3059540771 1493742198
99464a1c6b08896a33745b78b6aa4dfd88857073f33e9a9dea8a16b9445386a0 2899907171 1493742198
9974855a2250fcafdff3d53b76e77dac2f71d4516653b3833e5dd7d2a2df8e2b 1218643105 1493742198
99a7ce92f78a030deac35efbdf61ca739a46cd5d51b398d1c1ac7bb7b9a69f7e 220246100 220246199 220246066 220246196 1493742198
99abaef4c5ea727dae4bae78bdf1c045bac1fcc2492d8a7f7a623c90fdd19f0f 782676854 782676853 1493742198
99af4dc7b2e8ac83271b5a15cff81420fea7f4745ddf9cddf19022ad0ef56c75 1746020192 1746019936 1493742198
99ba26031ed3ff8fe8398ec160e1dc0365f2485a5197317c0ed360f08012c46c 3221245728 3221245729 1493742198
99bde42efa680e74a5f7b795660e5e07dd1dafed8aa13fcf9a6f2b3bf5ae6ebc 1746165780 1746166036 1493742198
99c10d7e41ce79a8f2e7577cc915ec84304af83e09949656e1e75e516f68317d 3514755982 3514755981 1493742198
99c768170295d265bcef7b66f448f7ec2df7fe56dc0684c5d46cdc8e57ed1aea 2915190176 1493742198
99d31cdae860f215d14e44a445331fe981f22a8072b4f0d03d42b08c5323c157 3353555738 1493742198
99ee45e6310979855df1412e74772d0652c155c297287421171006888605778b 3239711561 3239711499 3239711560 3239711709 1493742198
99fd344e1d583dcc5c942832161b800e08614982f99e49e4f3e965944f2ea087 1746638463 1746638719 1493742198
9a00c73fe1def95eae14c1ad3332964004bb7670d857957a1955ca7802157acb 2899907171 1493742198
9a07434be71a9928b313a764639073c9cd6e38c32eb511419f8379cad3551aef 267490369 267457596 1493742198
9a07c90dad17f02efa33343cd926c8f6d6b534fc5912239b19ff465ed2540251 1745906991 1745907247 1493742198
9a0f823c7eed583afca1c290f1dcea9531f26305f8bb7da69d6dcf4d567525ce 3345319795 1493742198
9a169c1c011d07b1499b00e99071db2c461205ac0338a241763c37c7d301a472 3229415682 1493742198
9a1a1c212134943bc75b55e3d85d89d148b24c186b4345bc04478bf7f528e7a2 2087494128 1493742198
9a1bf340b11954b5380ad8227353758184c159011963d2e55e0e4bc00ef6a4b5 1757449987 1757449986 1757449985 1493742198
9a1c437b4a0aa9e2c5ee120f18496bc4af1c38052d9f9db23bf1c1b40adebbcb 1746498595 1746498851 1493742198
9a32487784c6655b2bcc8ff95f7b1b0c4da652a0366d90b488833e5dd1c0b7d0 2470676500 2470672263 2470676615 2470672230 1493742198
9a3a6cde39cc90ed190a55e4f5bd001a219ab304f70c7afb784e1df2dd235b13 402364605 1493742198
9a4036bf6e8623dc1d96961d4efc65a584220889e3786238cdcbefd077063e69 2814101527 1493742198
9a47b1745aba1dd953a38528dceded044a0b7f01f0f2fe21ea1d54ee0a607a0e 3221245728 3221245729 1493742198
9a53ec0a05f11842ebf372c3717072e8dabe301ee791791a4032562b48c5428d 1746670659 1746670915 1493742198
9a622d3092b205eba21b337e0adc7998c8fc04a7dfd7ac9a01e1397afca92a5e 2362269373 2362301536 1493742198
9a68a00a63b2a5471415f9785b26cac04e99317581deac605171a2be2e44e7a4 1567838505 1493742198
9a68ec164e438d2bd136ce8afe7046815fd30f06337c1ac7c95d387e78fbeec1 3641525499 1493742198
9a6eec339003a45771c33b8cf6bfc056a739d62a897c9ba3d8454301b8d36f92 1493742198
9a846156775784a94e6b19d48224e782faa339dfbdac22540fc1fc86f14776b6 3109463170 1493742198
9a95ac27e0a922a5b59c099c28c0a6db08a3bae089ff1f4ecca4c240484f492f 3427427172 1493742198
9a9856285a0b168d129e6e8e5dc1e66621eeb5de54e36c61cc21fcaf55939d66 1746155504 1746155248 1493742198
9a9f1c4b829a3f3d4d0e884e1bf3b3bcb493a6857e5d3bbe6990117006145d37 1539644750 1493742198
9aab7480acfe7df20ab3e3583801a86b71921288d6984cb892e66b4d5f38de8e 2928299829 1493742198
9abcd1bfc4cf1549dda644e456aa6ac3de48e3e70302051d76a2b750b496ef45 3627317093 1493742198
9ac7804330f48870e7612cdefe58fabda25a36e249964adf877799f07541d58b 1589027588 1589027587 1493742198
9aef4e597e3286cb7e94f7b47b2cebd4b4bc6606509b7c1781821132b6908be8 1317846205 1317846204 1493742198
9af15f083932b2561ee7e5e1368dde8bc8548193f899c925682dfc37e9b0b8ea 794313147 1493742198
9af1c710b08e9f67285580e369d2bfc13d278997a0d5d659f115d39055aca97b 886873802 1493742198
9b055cc748c49a6a2be8160db46d3a74800387d591652b5bd8f9cce59d9be5d9 1450048101 1493742198
9b17e040329cf4a8d2efdf0b50258c3620b0714a60378b25fbe070b46876292d 1346698505 3108562185 1493742198
9b1ea2272265906548f90b2d621873b999751827fcad36cfecc63e8b17ffe1b0 3579808492 1493742198
9b2b33d43898c681633578d8cee182429596ba2e642f647dcb5a1a0a3f3190da 3651160070 1493742198
9b2b5b8cf6f3f00c1d7395931513c37d9fa84ed0a0d28b0b1758f7e53e446200 3546956289 3546956293 1493742198
9b37fcda7b984c11371e8a9adb15d3fbf9f70bcffa9a6aa28eb9bf99e5f05e70 1729599137 1493742198
9b3e18b531dea5312d2b28b916fe0002a79c3a5f101799ae5357785b83ac4d39 86462089 1493742198
9b80ce295a47e04156de945fbabbd8e041aa59b9a610241d660b01324ecc9818 2927696298 1493742198
9b8a8b1d272ac85dd9fecfb0d862236ef0743a973eaab6344262519d7720a9bc 2734137345 1493742198
9b91af38be3fd81aa7037f27871defd1c8e993016af43606b4dad5da39de84c6 3325141737 1493742198
9b94145a08049d54ba40b919679eb35aa90cb553b68791164b7c51c8ff9c1228 1830474004 1493742198
9ba4c806877bd4114acaa2cd4032986fc9ecea906b70f1e5123554dbda21a741 1504153368 1504153121 1504153126 1504153367 1493742198
9bb2b35a1d97be272c6f84dddcd5c87eb924afb9bf22045dbe83b767c0614564 1746637013 1746637269 1493742198
9bb4d1ff64e165c5020bee45003595e1bbca2a96a592e1f39e5f15088130b872 2110905997 3400773909 2110905998 3400773910 1493742198
9bba376840419b902b860866c611b22f29c97a39386db34b27bc0df81a3dbb15 2899907177 1493742198
9bc160973207fe70c12e49657499dfe459fc65caac936122fa54047c85ef5b46 1757945729 1493742198
9c213b230788bc64cb3cff14fa292100688a031e4b304ab54ce51a5a6d135f72 3036300635 1493742198
9c30cb283d1f99fc98288acba0e58d96d14683cd540b3e798682988beb0580b8 872877180 1493742198
9c3ac886739d8082f36c7ff4aebfa90cdac43af0cc332a16a4d05829d1a792d7 3584990875 1493742198
9c649cb93e847f2c2894bf3e3667650549ee8c55eaea9d77cc93bcc88bcfcba1 1746667572 1746667828 1493742198
9c687607334fb419877bf3900d1c74fb2a8269dc98adff395409ea31363386dc 1493742198
9ca7e641573f0da72e7d422651af52b0ed6ae746f344e602a49bf0b1b8bcfbae 2899907177 1493742198
9cb218185331829d6c9f66ecc3d0d5aefd9f2e2692e98a46aee78838192182b1 2745960814 1493742198
9cbaf9245dedcf3600860d4c7eb73009dc18a0313406f5ff791e21180bd4a1bc 2899907177 1493742198
9cc060c7a4b43d3f60a2ad7187caf36a05a465ac11f841847d83e4217a115bf4 1746641312 1746641056 1493742198
9ccb497c37c2edcb526d3b0bebde3ee3dd1347d3e93dd7a0269d85fe3f1ee875 1535620320 1493742198
9cedabbd02c4249844862259e2c1698409b1f13617215d4428e381e6e0e50c2b 3221242370 1493742198
9cf8428473349e01bcb17c48b1aa94913490e41592c1cced8d5814ddd3c82b2c 3679801219 1493742198
9cfa7ef090d9dfa15e407cc5c17af6f4074ef9599d04d6b55536a79fb1c6c210 3564209485 1493742198
9d0b96cdb931b83f00dab6fda260cd29cd0d81c18ed267ee556442fc5883edea 877170357 583212751 1493742198
9d0c39ad56fdcde7a9b94696c492fad939ac254a8dd80cd5eed7023530729187 3221245728 3221245729 1493742198
9d1121ff43d977e07b54809da8ca47daf10f08b9f9e626fffd7d5a4cff668d9f 2540011839 2539979071 2540028223 2539995455 1493742198
9d26783cebd44e6613126ce54e89c08cf2632a44f1efdfd989b48e2ab441f493 3395793960 1493742198
9d3e51a567120ac200cdbb1adc4a88cc53fe1c05ae42c01ef115fdee0975494a 2066995298 3544955681 1493742198
9d433b928204035b50a3273410a44ddde708b24dc88981af5f4083d6e3817038 2899907177 1493742198
9d48984746115d4854048ab3ca3253a2bbeb41a07a860f05ba6dd26ae8b5c5ca 3242435439 1493742198
9d721b2ad3f005e5bc925f48c168569f84286118dd1f34140d0e344ce54c0e6a 583274856 885699748 1493742198
9d80cd010b4fff7641036235635556340f7606d29faf66e2fc86878bfa67ab73 1992434969 1493742198
9d86724f57b8279bdbaf420b179a283f7f60037c7c8273822afd7da0a5abf3a2 1746479653 1746479397 1493742198
9d9a83ada0e126542dadca26cb3b87e89c4b56ddaa935a2523efea457920d101 220246077 220246112 220246033 220246094 1493742198
9dcbc6dc415d44262736bcd48e89b20b785cd0d432f29e18dc08f2de4acc2a93 2360462646 1493742198
9de00d76bb848fa6a32c7d0ddbde32999663bec3f569d6737b10c0e6a98e6685 3001812507 3001812882 3001812184 1493742198
9de070c738027d9409dee62b1c1e6ebd3da3e7f9f12110467928d10b22dc94a8 2031022411 1493742198
9de10499451fe3de47a1210876e910d4d9f6b7813043d5a89cce1ea82818456f 2899907171 1493742198
9de4a25ffbcf57b616554d91add17a8b96706dd202838d90c1486aa45d673635 1746200093 1746200349 1493742198
9de886b0bf5ddbcce8754c53dba4fd8e620fa3031b7e61d95645f9df83f2bd84 1540594816 1493742198
9e214bb22f3da7d21a6e7dd7b6a917cd2bb3dd6af1902baaecd351fc41337cb6 1746186001 1746185745 1493742198
9e36f7a2283bfeb31e0b77090c6d80d634bb674ecd26d98abef7c90aee9e9fa7 3285775350 1493742198
9e39be2ebe9a34b1d0036e2e83e687b4c8587835da51383e4b36b72206362599 2899907171 1493742198
9e4ba93f6c3454ce887966617ff757e73136b6d75c85b00940ad91793ed25835 392538543 1493742198
9e4fc6e225918d60159a5ca8e875a458968d5e312aae836fd45452fd1b8cc372 2899907171 1493742198
9e50a32938c36b410a1223ceeb2675032a1e966d37200bb8e20140308d5083e7 2362287149 1493742198
9e57a9375686a8c67cd03c36b0993f92a87566c8e5501b9eb54e3dad2cf6729e 785484735 1493742198
9e675d52d3f6150749c05a6f2ca03dacc031fdeae115fada6690386ebcd70ab4 3563014692 1493742198
9e8c041321f88a5667f8b7eabcd8bbff54455e585dbf7b735e8dad0cd1c76f7d 1746497318 1746497574 1493742198
9e90b9e61d5d25ea86f2bc00d8ab20435c41a7aed9273468717f056f1d7df4d6 1916254998 1493742198
9e972c2c8ebdf0212fd6a77464986eb6df528d747605c690c6d8dd8f1bea1ea1 1729915471 1729915459 1493742198
9e9d6742095b090093690c8b22f6ee1205fcf99e006aa164747923bf5f395a36 920731870 920251410 1493742198
9eab1d919c0ea44e83c02a68f2f12ad391e8f94299a2a78ef12840aaaf39660f 1493742198
9eb12a9cd7c4f27f3cc8fd496a670502b9ca74754bf7bd61c9a66b4ac7994431 1729677913 1493742198
9ec3d3bd2463278d1146fb27c6ed296ad289305d7f98c43d51a4aad654e11c05 1753363610 1493742198
9ee1bbc29c9ad84ce0dc016d3075f8c0758170b2a3898db6e89ea7479d48db5a 3404668545 1493742198
9ef5fca7ede8ea185de8e6e30149fcaf9288276d7fbc655e4ae664e52d4f87f7 1493742198
9ef68c4d4b396b4f1a2ac8ed5cc100e65eba16525c53b79da8bcb4c02941fcc9 1833615787 3584620639 1493742198
9f0f1d59232eb5cc8912891f20ac79c3382cb6a6ddaa3219fa6ea580246c1516 3222282007 1493742198
9f2315b3279019c959dcc685086b8bceeb2506983a43ec7ea3dd92896c45c6ce 1746513189 1746513445 1493742198
9f326e3102d185087baadbcf208c1e001dee964008ba309f983fc41eb7ca6327 917491102 1493742198
9f33058da3bde4d9ca487695666b8d33ac25a861c5d3f6c7dbbdff7e9928a162 781455386 1493742198
9f3b4a926261adef1934d6511bdeb3a17cb9dc67a06d6da78bc3624d3ee28b48 1493742198
9f3ccde2112396cb19a5f49ea66a921f0dd7ba245a07c58f535c3f5eab798fa8 96793420 1493742198
9f4b3daf6ba7164389448440a2b70be9674d98a80d7c311ee3af1a9883b8fd31 2758037506 1493742198
9f52981231003d3622e579ba4aef43cd6eb0f07b6597a1499af619f36efc2c64 1745943095 1745943607 1745943351 1745942839 1493742198
9f5f14dd793f27e4d6ada01517401bad0edcab005ae12f2f8649a38fe6dc4395 1805281379 1493742198
9f82c626ee6639a29166833ba5c1c632c1aa8f79b461eef14ed8dd497d733a45 1745911181 1745910669 1745910925 1745910157 1493742198
9f9061a13251ea21e630aba6cdaa4061e83c477bceb1af66d6fe0fafd4b17d77 2587222154 2587222158 2587222174 2587222178 1493742198
9fb381532cb7f6c7aa9eae351039ae9f04e98388aa8ebd0261624488af188ede 1806890428 1493742198
9fbe65376c9b8ae398fc27efec0a0c917a35d16a3d4fc5537b4b80d06978acda 3325106096 3334053808 3325106097 3334053809 1493742198
9fd44d462ad8f51a55e69505c6a89bd42b6bde3d4b6ac64a9138b8bbbe4054d2 3633458698 3633458699 1493742198
9fd9d8c92d094d913a447b73406778323c9fd738824ff401507baa767e55f5cd 3397580074 1493742198
9fdff57346a39e4a28108717bfa909d3f596c0da1dd8b6e89c0ce248b207dcf2 3627734052 1493742198
