Version: 1
a00e39daeadcbba97807c168b2d05b5ca201ea48e4d5cc8919f4fc893f08e26f 3236274800 3236279920 3236281615 1493742198
a01f959515796469bb0a1a8366f832eabb216a8e23258c63e332ab7770478aa9 1746157650 1746157906 1493742198
a02c1f075e79aaba4cc4a777f2754ba1c342db2495c4daf2a7ef1069112fa4ad 2513092939 1493742198
a09966467b1257185bdc7187a61824294fba61162fb6acf97783b9943b8640c9 1746533924 1746533668 1493742198
a0a287a1fae28e3679845988fa09fe961fa698a4a78178a2cd3f76a172446570 1745914796 1745915564 1745915308 1745914540 1493742198
a0b3939a1e0780f3d37ac4ef6c7725acd6c9635997e56dd59f1e0f9ea77a513f 3503797198 1493742198
a0bc62a1b8e8407b5808fb8087c6f491f798fbf44e9dea0d0e8c1ce33c0a11dd 1493742198
a0ca15c9cde28a064c16a7b82e7ede3ba0524b51003d4699722e9d08c9cb9528 3325924109 1493742198
a0cad1e7bd880caed40040e3377807bfb275cd3e7c99a3756e335c394420a6ac 1746529035 1746528779 1493742198
a0d128ac02859e789a6fd585712a6ffd71f3d420aedee5f325cd4ad77799db37 3638852003 1493742198
a100e1517e9ff694f05360f352f5b524224d48283352611c5fed575a76b9f31b 3416409923 2065610760 3416409922 1493742198
a1105ffada594b035512455d42779f3d36bedd6462e650b1107bdc5e3ffc6fee 1746648778 1746649034 1493742198
a11490aa732948bb0abad90d37f6bf3c651c8b07e5fce7db34d4dcd73f8dfbaa 1493742198
a14289c43c0d802183f90f367abdb9c89424174a27f02bb0c166ee77b4047485 3108426888 1493742198
a15432b1d3a13efefc80bea36fe899ae308701d56d78978ea0fd2caeac1e8b66 3457318173 1493742198
a1596f13634aaba13954ab6b1608e8c816d367f5b454361bcd8b9a5d74832ed1 3495241748 3495241778 1493742198
a16224f2e8d2a3e3923861d0c39c88071fa2a4faed7a2910018ae0ebd90033c5 1746150801 1746150545 1493742198
a199f47dc4fbff2a52e8e9607966acd425aa84137e9afb8eab4e35c3e38e833a 3343922674 3564928502 1493742198
a1a9e5a83827e85ec29cd268e9d86e91659b06ee488b088938f980ec2cb531cd 2899907171 1493742198
a1bd80d4fca072aeb42bc174252fb5b111168d19b5cd986c5e204f90d31ff7cd 2856454922 1493742198
a1bdd07cad1db4509146be470343177691dfca8951e255e5c9f0710d1bd7f0a9 1746372369 1746372625 1493742198
a1c6e7af416cfdcf78f79b4010edb432508c55759d75c9399d0dd67120ba83df 1746671652 1746671908 1493742198
a1ec7537120ea399592ca4079f62440a9e518aa88f7dbaacb3cac6e30aced1ea 1746645168 1746645424 1493742198
a1ee3018f6821b10e0b9df1abfd89669db73ee38a8d281aa6c3197718e8dec9e 773600626 1493742198
a2091b696b4b94f49877b732e1d7126f9e5629feea7f32b55acd6b46338a865b 386595250 385920544 1493742198
a20eeff73849d2345114a50d692b594413af8d37271711ebb98e8693dddf8b5c 1074551226 1074548537 2511235937 2511236710 1493742198
a2157562a44ec6e2bf9a2c9dfa95ac780b84e378add6c527f3be01465674331a 1746404398 1746404654 1493742198
a225cba71b6f230c73289a562629c778088cebc77f12f324bde762329264a86e 3630824414 1493742198
a22c5db8f3c9e00596070c2427e740387ac08ab0995f6bd5af87e97dd3e6ec04 919985693 1493742198
a24f6204580df3ed022d02c0a479dd3389e30d397c4c5dccf2be3dae35dba068 3000598609 1493742198
a28ab1c06a409841470cf310517716d5fefaf19e8c30896b1411718fbd1cd8c9 1745898447 1745899215 1745898703 1745899471 1493742198
a2cbf855e4be767497bfbdf4edd255c71bff0a375d171dcd700fd6dff052c5af 3549910521 1493742198
a2f47bef763dad6bb3f0411f6727a7aaafe6e4bf71947a3428e4c9ae1f99bb91 1109251182 1493742198
a3018e379cd49b46a0c69971e67c3ce587375d1e71734b261976a2b09bb1473b 1474930104 1493742198
a33458ca986586f61d51dd88d89389c2ec5a7c02618c24eae4e29a1f407c7e32 1745879548 1745879292 1493742198
a34c4c37fa025a74a8facea1926051da1d2881214ff6e359eef9aed1b546e25d 86224022 1493742198
a3651adad14a965b43da34529a456e852fe9f552f02459f0c2ca13f093216ba9 1583698443 1493742198
a38eecc02c530ad991047394d6bcc1286617130c0240c126dcce710b2e1cde32 34921412 1493742198
a399e3fbe89d4e7d9d3ea9058b83ff1507bae2a336e4b5ec3224df9962497c73 220246081 220246069 220246038 220246024 1493742198
a3b43270be76acd127c41bd845c8085d6ba1e058589cd08604c55313d768c01e 1123974306 1493742198
a3be80bc4ee1d4e549f113937c46874c2a5c5eafe563b59902744faed975360d 3589484606 1532834366 1493742198
a3cdb2c5a57ac6ee22fc0b66e0725c766f973f0d7d9100a9180fbf7b52900913 3233500433 3233504598 1493742198
a3cf77547e4d5b5d2690673e7cadf15df600f4f5dc49d94065cb3bc81fe03fa1 3524339245 1493742198
a3d1325834fc1f37efd89da1dfd8e682f04e366fb6aed886ae12b9bbf3ad288d 3432750875 1493742198
a3d8375f0392f8442c6564d36c54a72f5093871be4b19ff4e73bb76c7889dcc8 1746489450 1746489194 1493742198
a3f4c6cddb0856bbe6acf225da606a62571236b9bfbd5cd0cb2444dadc5d02ac 1746149306 1746149050 1493742198
a3fbcf65238509d35bc759141f63c6bb1fed2e7c2c37e816c998a05d68e614d4 2915113024 1493742198
a3fc72b15fe8ea5d5807523d5ee6679483934e128bca779114a9126f5210bc81 2539979042 2540011810 2539995426 2540028194 1493742198
a411c79298b99083239a619ec30a97300be1313ac64d48e4d1805ff14d7982cb 996852659 1493742198
a4158c78f76e9617f7cc0725aad0e0ac4228bfcc6629335d9f9f4fbaf5802161 1805130436 1805130692 1493742198
a43fc465d9eb0994a82eec29f6ee98e852cdad7420056f920401bd9d52b98bd6 1122728428 1493742198
a45882a738083de47d5f2b9b082596c95f35fb476b808e6f992522bba7b9ad24 1317695525 1493742198
a47be11eef7e36094dc3ff36767ade0536f73fe00181a2f045d42e57a7965abd 1071382833 1493742198
a484f4ef2d9d89fce6c5b865bc400073c2d4544f76afbd0c663e0842559f92c3 3164929909 1493742198
a4891b6b1767e3532720c3c6642022237e507c1782e6e0c6004c0110fd735cff 1030687208 1493742198
a497dd4fed8873e7ec05cf930a6209736b2b6b48d108cfda262d5c6a086145f9 1123679954 1493742198
a4a8ab64a752ecd41ea8df39d2b39359003bc8e0f9e0e29f5f83582b1cc7b7f7 3341050992 1493742198
a4b507c64d93447d101e1b7d21f9bbe21fb29fa1b6b8442ea492aa7fbd7f1c0c 1746432060 1746432316 1493742198
a4df2f5284fdbf0399fdfba75e64c625c403bae909773766120a8ca3665a007d 2362288702 1493742198
a4f0763a97ec8ba7ab11c89a11d42257468cc8445fd8d719a932c474b3c1f4b2 1746435579 1746435323 1493742198
a4f940a10a6e2cce6b0411a0484a6df2a2b5a48757d9cbd2d0b7bf1590b8ffd4 1075766398 1493742198
a4ffc495ed6d570f5ea6d955e58154ca9395ef033b33244fcbece60bb8dfa060 1746469640 1746469384 1493742198
a51a3779eb0d0091ec3cd43db1d167e3769aa32a7ca967b7164bf9d2de6a9573 2899907171 1493742198
a51e1bca79cfb56d90e189d2836129563b6051bd77be6b172d280fa424082b39 3406566661 3406566667 1493742198
a54a3d180fa6d0434d9864c63aa23750ec7329349f5c1968eb14d4e8179f3d0b 1493742198
a54d3d9c774f7766210c1a873c473e25e282f6f5fe8ba1a96035ea80d23d2c7d 84506199 1493742198
a55e98856d24d182f6a501a9f42570a799b91414b349210d176c53ee4b620c0f 1145566472 1493742198
a56110e49e23e4be1463deb6bb3352fa9baf15d6420d157e35d01f6df87bf044 3689896048 1493742198
a5791f9b5b041d99a77a3392d83a64b66cd17bcd948186ef11f912407c6990b2 633034265 1493742198
a580f714e1487ea2ece357022b18b80388b90907ecbde4cf41de20caab536179 2899907171 1493742198
a582eb153d3bca4283515e49aa46f609051686e0fad3a627197b0b4aa18b31a0 1796663753 921948983 1493742198
a5a105a925199171765d0e67da1d7088bf9bfb60aad18ff0f43da75c426ab855 3343924162 3343924154 3343924100 1493742198
a5a3f13d3666281a09b20c81dc0e0fe27a39b473b9fa89d3608457d15a0be481 3484850570 1493742198
a5a4c96d475f5c648c6cfda705ac60c61a5b8e99b008d13673fcb82c745d5c36 1357879442 1357879432 1493742198
a5a5169deb93600de23e4e13f4e9fb02b0a9ca8fd0892b3685a0daf6af4c8d94 3001846173 3001846134 3001846172 3001846073 1493742198
a5b13d3db559f8b644802fc79a0054ba7614358d66cd0b60d1a069a892c32b17 3432748881 3432748880 3432748879 1493742198
a5f25c33b6f58d9f68d9e959c16e84fd50230aa4a872b919c1a37bf2dab9d08c 3448985780 1493742198
a607464e44fbaf6501ae02609ddf73bbb0e597ab17141c21dcf1e915b61522bf 3344138519 1493742198
a613b372bcd60eacdc5ce1ea6f4c789a5f7db825993d1dec3e5cc506f6aeca83 3413138659 1493742198
a63b51ea64b3330e1df1c4d3ea1f17894a76f2b799054a996275e572d4569e0f 2162435631 1493742198
a6458fd1ee9eb27859d0f88d22246e908edfcf3ac1aa0efe2446d4ac0752e231 1850479393 1850479649 1493742198
a6534448a15a201680c4f76e4efa1ddc8cc273f21da93a750b47b656e2b24f0f 840417362 1493742198
a662fef3a5f13b067f9410fef0d72d1051b9ef870f8a025817d1ed4c0f1240c1 917758097 1493742198
a664359631a056f902f24f1869ca6d7ee1351cb89ca33f84272851fa78055c1c 1746408814 1746409070 1493742198
a66fd4966137eabe68063059df1fbc169bf5e815a78c3098e4deb32b11a7c2d4 2668157994 1493742198
a68202a9e3005ad61f9ef52ba8288811dbd6f56022e8a9c901b31dd89dc9a51a 872418932 1493742198
a69e46e1413eb89ad98f430ac51c5752b594273436aa03e3f8ee4ee7234f756c 1248979850 1493742198
a6a551d89551ce3d00ed408ff8f3df97e083dc6941d06ec6231291e56b407481 2002015420 1493742198
a6ae8c6ff34d232edb232addbd84ed4f534259a1848ab3c298e0d8d7845b152c 1493742198
a6b2a055edf350dd6d5f700fce0fc19a2f3262fcc4d5a20e5f2b858e5b485822 2928299829 1493742198
a6b72f04042edf827c5058911f98c3205d102c4e17e2e7c9a19f11d6fc2d4a85 1254706119 1159271879 1079914439 1493742198
a6dc4e33206dda5ac5a9e48ec7f4b2f43048534f127fab9fa01de7f2cd0cee45 1731957094 1493742198
a6f132d09c70304536101369e510cbe2a25dff9c9ab1f1a6884d5ce1f559c305 919340296 1493742198
a70338c2fec31b5ee411da8095c9ef6d3103e56d4bc4d4770cc4eb43f7b43a1b 872304404 1493742198
a7038875deae6876be8a5389ae54a9c6bf666d67993e344cf11a305ed407eb87 3534384769 1493742198
a714c7257fc443484854346d4ea85c66ce55a17ac0996ad9cbd3823b13de3713 1745895378 1745895122 1745895634 1745895890 1493742198
a71bd0cfaabc915d1c4421874b5be80783f02ea0ba8e3326b7a5f9a68de131e4 1490349140 1490349132 1493742198
a729a7cc24b7d55a3d2d9253f62a11e719553f3d0e8c8db7f606363523d3020a 2539978906 2539995290 2540011674 2540028058 1493742198
a72e38492f8ddf603dc9694364facebdcf33236bc4c7f61b0bc0d928df465ce7 1746144314 1746144570 1493742198
a7457c9f2ffe3f42a0eccb1925b000bb4511a8a753bca8ea5e7b0841381fc434 1746520580 1746520836 1493742198
a74e97282f892fffd4c6c32a5df2e75f5d72d34d6cc56e77b08d79d31d91582b 1746147466 1746147722 1493742198
a760ee9f4ab5b515fe2003919657e5b94ff7ddd701581d5dee21c9869fad202d 2899907171 1493742198
a763bec8b0401465b681e742e1364ba05240f59a4209f3242660b02db4c19022 2685469965 1493742198
a7683a7092fc97380ece91e9249217712d9d5c2a2b1227e156c763f290ac643b 918559719 918559504 918559703 918559713 1493742198
a76c306fb491733ce9db5528071412f299f982ea1fe79f49ed2df08660792afc 1746147764 1746148020 1493742198
a79ab95d26a3d77d68b3261f56f14d65f3b31a1b1dda9e9c72a05d39cd4c9279 1163478371 1163478373 1493742198
a7baa083f247c0fb789e17ba4283cd37086277ff056a5418979d1ad125832cf5 3346231874 1493742198
a7bb4fc1a704661ba7a90d2b1aa3d72aa196de062d270127f76446c706816723 1493742198
a7e6c74ed37cf5eaa3bbd0a906322c1c920f60a8e2805880994be2a39f0fe7d0 1746865341 1746865597 1493742198
a846c8062a35aa46af3453146f06961993cc2bd43d4f4ae475e80c5db4341b78 3091758264 1493742198
a863887aacf9427c84d5507c62f1242c476041b21b4de6dbebb9afe6d56a8a29 2899907182 1493742198
a86a414529ea61de3a25ad29df329e3783a5d95c2c45525d83c361fcf003ad6b 1382190484 1493742198
a87d73debbed384adfbf4646daa2471a6e444e8ceed438fff1aaaa4ce51a44be 876736950 911166350 1493742198
a8b63360acbee64dd7c04c9598de0d14eda20ff8acd03ee810198b410153b7ff 919741140 1796681096 1493742198
a8da4e8662c03a05ccb4682316e570c909f45986d6863411707129566da663fb 520962305 1493742198
a8df24724528bf16d5f6b8bc7bdbfdd9ba97a2171db750887b4abb1604190ec2 2915141784 2915141785 1493742198
a8ef3c9b0329d40cbba058c0b1536e1d4b521907cfc6f0a9b2fe2e4b628c3ce7 875377586 885777755 583836376 1493742198
a8f01b7a6577f6801dc99978c4cd15c85eef2c7e41c57654e13d0dd5b53123b4 3394942664 1493742198
a8f59721e22cf3c30321ac08025c061b3c40aed6ab0d34afa13d4a936e18fa61 1746666761 1746666505 1493742198
a9019b6b73fee2c1dadc4b78c2feecf78ab3d195aecaf5664395ca19eb9bd7ec 1558123849 1493742198
a90b91ed5880b1ba6f38bd3d7677dcb5972a37c569dd735e02e97d804a3ca55f 2863839856 1493742198
a9118f9cf036533ff7fa9cf7ae6c45502f018c406902b19faf4ba8fb5e98bfc5 1746141743 1746141999 1493742198
a925632396549b3acc871de6094ea8c1e7baf12497781433f74d703faefc8b35 3350648998 1493742198
a92ca739c8893ddbc2e997686f6035c625928fb953ba01a0ca846676dedc13c4 1613583307 1613582854 1613583090 1613583111 1493742198
a9300fdf503347c7867e1c14c23e7a89d5c5493d2d51e8bbf3033422cba86cd1 2513084605 3575663756 3575663630 3575663521 1493742198
a937aaf69c34fd5e3db8842e4058b8427f2b101aceab1c56f5c4381ba58ac040 1746371153 1746370897 1493742198
a9392b7e09ab5e6efcb21181d9820d35e724d74fe7f4b969a2d81052e514973d 1466083492 1493742198
a956d641b24be451d6b40f9580d784ef555143edde90cb66248d8e85025c737e 875658927 874441169 875705125 1493742198
a9672fb44891d2f0bf4e7a18edfc786597fd05a23c3e076abaa640dc5ebc354e 93356660 1493742198
a9757c531807b737dfbd9e8697e047ff524ae6a1b26983a2d3cecde1c938ba1f 1559372962 1493742198
a9776aa098f4fb1271dda9b98521dc14f161abbec9235116b38c5660b9f98d9a 92785448 1493742198
a984b1d26672ab2ac9b41bcec4c8dbf6647baaa8494929302a7f1136746f30e5 1493742198
a98c409fa6f2915e660750bcf6441849bcfcf01ae20d974557b0b780df6af82f 2297649113 1493742198
a9a3bfe84ffa2d2a197fc356484d369e2fcdc2e5fe28e6e8d1d1169dc74ad0c4 1897702077 1493742198
a9b17c6683ccef27276dafb1fe7c813eb6d85aca61f42a3ab2fc2404eea821de 1745891933 1745892189 1745892701 1745891677 1493742198
a9b9e54cd3a7285f8bb81210d3fbb8cec8a38eae48163137c17a27168c779b14 2987806210 2987806209 1493742198
a9c57e4f2bc138026304421473311f7c12b3abf8ca514c5ad12f986aac0910e2 2663361583 1493742198
a9d18e4ef5f18c7c9697168c419d212c4c089ff8d0ad60295817d157cea33106 1746516486 1746516742 1493742198
a9fec7e658689e5b9a3ffc14f30137975f4800c62ba1ccf51ab384c5330bdb2f 583459540 876017680 877056557 1493742198
aa041a227b10123bf088d69832e7e8ef6bdeda7459020cd80b5d105174317ec2 3496056771 1493742198
aa08e76cb97afb558918a10ee4587d768b44d2cb234c117450c765c427e1979f 3627734051 1493742198
aa0d0fbab87c8605eabaa072a69ed0a041db496f8febb563d984ae4eb2945b79 3684252261 1493742198
aa117c8947e3f9eb90c9930c531ea43e4cd68249dd663c24bb2cbdc88185bb9b 1746885732 1746885988 1493742198
aa2278d1ed6c0c822d7ba20731b6ced6ec40f98699a4c985743b3d7252d3c2e0 922132331 922132330 775144317 1493742198
aa3fac5ec0a13332677316df6338c53e69496b7b6ea2eb76272dfe4a116f53d4 3722731146 1493742198
aa4020c51692b688742424f17bb3750e6de9991a2cc8e8043645ba4ae2638a48 852231956 852231976 1493742198
aa4b6c68cacf64b7d77f98b95844a5778144a34b6efca695378a7c2bd5c0c227 1578618750 1493742198
aa7833bd5cb10ce246a68380fe7b965f2f84006e2e4e7fa0e5c9040ce364c0a3 921435047 1493742198
aa7a960dc4c3869f8c800d6120bb4453cacd619fdf41809f7b637cf162a82a22 3357627520 1493742198
aa8c98bd02408c4109036eb636b07a1f1bc0da0af141db8c4beb2d906ab92f9b 3241109002 1493742198
aa9af435f01f678c101ced28a4ccc536c7a09b6066c3d1da3d7286be28d324d3 1729628164 1493742198
aaaf170a658197a62228cfd7320b5c1f13ad7b19cf0999e67f2eefbb4d957b3f 3344139044 3344138527 1493742198
aab10fa3eab4de55dec12fb799210e2cc91bb565a4cce6cb3def9ec7fbc9c2f2 3585745158 1493742198
aae603cf56ddd06f066cb610da1b28bacde6200198630466df1708326ee03300 2919007654 1493742198
ab0d7251c4e078965be4e8816521319038e18600f7038da25f76905e46efc683 1779153410 1779153409 1493742198
ab3686e7343a4a913d16e40c7c35a6f54f0c7852f918bfe38f53c43f4e23115b 3221245465 3221245464 1493742198
ab38e6f53f54040319bc565bb2c3e22729ff5af38c515de50ffa3f68768e49b6 1745882563 1745883075 1745882819 1745883587 1493742198
ab3c4b84e5c30ee6d8bf97499d4753dad0716efdb604617fd2f1fb882fc54233 87625948 1493742198
ab457ce83b7227c66821a4a9523acedcb9b1b0cc5edaf1fd65447d5a8eaf2162 884123501 676644841 1493742198
ab45dcd6aa54ada76262c6caae54f9525508a86a8f9fa4c671bbf50b95a3e52d 3220000314 3219905190 1747684898 392542414 1493742198
ab466ba2adb84396bba5287d68f72a558dcc13519f639a639c555423b68248f4 2540007662 1493742198
ab49ec778314099e0fc3ce5ddcf6c2ca40e6e38e0ef30b3d2802ed2961be4599 1540898801 1540898800 1493742198
ab642b4a63a045ecbdd642ef645727ab42326bc023cb53cf2c22dc59c757147f 34921770 1493742198
ab9b6713c42b1fd84bdbf64445946f0d780fe11a5cb11c6a821d4b93ed95ae08 3705825225 1493742198
abbda0d206440b58d50a67160ea5dfc0174f9f450c3d5527824227c19912daa8 1746509339 1746509595 1493742198
abc34802cb5ecee9ceda738d7c78d9b88eef9b15f3743844f4101f10b419daaf 1386603863 1493742198
abc3944670158e316e29943e2a8367c31d1888cdaa152481d5c5899f94b5b010 1728719235 1493742198
abc9fe62aa901a45a6a872551739fa3c8c05ffbcb65639b09c1fc092d63566e1 2540011587 2539978819 2540027971 2539995203 1493742198
abdad889f8c9fce4803152cf28e4d6beb3e0934f8afb3d6bc54f40f85dec759f 1806890428 1493742198
abe0680907b703becf7de569e04e1f4bbff2a17a6f0db3ebde07375ff904cf05 2955064282 1493742198
abf4ec49deecd523f343b026cbe1084eafa85cb09d3a60a62fd7aaea1f689d27 1746433836 1746433580 1493742198
abf5699d06c207f8d76cebe47e781c097003be3a52b047d27e4186b6ad7bf47f 2130706433 1493742198
abf640576d09de0337f749833402a89bf3aabefc1b40a05fe59d3af96464198a 385920538 385920521 1493742198
ac13ee3e37c9f130538dd36ea8b1197e321f3cc6b4318fb8a6e598e6406e221d 1264951222 1493742198
ac14891a6715e1470c905622da2b268534c25b18b882bfa761baee0cb1583aa6 1558123643 1493742198
ac27a6df68b3d59b9c329fe6cce097ed10183248e7e7edd7e9c43e63e4768c10 2016932475 1493742198
ac33340077c0ed092d02db609e008a044cb15c11255895b98c1bc941e978c2dd 1755075904 1755074880 401285440 401286464 1493742198
ac439b532149adf8770c3cbb9e953508e0197289d221f340abadc7cf01e60b5a 1731321299 3418288851 1493742198
ac6de7cd4b1a991e451241501a89a8c67dad51394390711062023cc6940243fb 3227729453 1493742198
ac74503e0eed3367b1bd2f9a634f8f979f73f5e33f967af0329a0834b0651a73 1001712287 1001590789 1493742198
ac862052a7246e3591f5c5bd6820cd6c7536a2b0002f18d9a4f7aa4f6c2d1978 1110120119 1493742198
ac864e7f79cf669643270194352f65727ae067e9f9c6ff6ce49875502dacb832 387443917 839966600 1493742198
ac91c91dfefe2c9baa46f6369df88b2bffdc9c255a1e0c8ba528d9310d2cc160 1746469146 1746468890 1493742198
ac9bcff672df2d096e7258395054e348920c93c347f98487d7e1d74e9140698b 1746485512 1746485256 1493742198
ac9eb350b643ac640427422f05016c209021220cd925afbcf1ad4246de010746 1613582957 1613583180 1613583092 1613583331 1493742198
ac9f4a3ff93593725c8f7313cdade127c2016485f760fe6e98dd89a6df4175f8 1746486883 1746486627 1493742198
ac9f705c35240d6b29bc0a6eeb163086518b4e657fc67ffaa03363714dc6526f 2899907171 1493742198
acb6c45dd1b00638a32c681202d98adbfc1db2b27a52bc03a935c1b903e49452 224313442 679447548 1493742198
acd16f5947cf4bc1a7e215a454a8b1c8f0b70bff3e6e9112d528e18cf1985008 1490034017 1493742198
acd9bb784add8fcb99a082eaa8a709cd3ae2a8fc863587df9214cb47730b1394 532706486 1493742198
ace5b4bb314d9737b7931c52466d5369243417b98437adda2c5a5985b6b08144 1116197764 1121170923 1116195225 1121170708 1493742198
acf4e60653cd6a34dad21906137b1236bfefffde5c2197f69f23a2cadc3f4265 3534248247 1493742198
ad0d6d28370b0b9f6db44205683104e5196134fe7feeecc101872ae20e676bbf 1746526473 1746526217 1493742198
ad262c1bc1f37afadc9865a2364546eb9593d061b179a134ca04a8a9fe3fa6c1 1746021033 1746021289 1493742198
ad37dab5cb579f17b12db3673c4b2804c3b8ac71ff142c161d8eb88398a7539f 2015330965 1493742198
ad6d2b530b41935b309622292491cc241d7aed6e7ef617acd13d7e2bd7caae0b 220246249 220246115 220246179 220246155 1493742198
ad7853b77f2331127debbc0f49360d96d34d97583654bc74b8eaf4310f566b4b 1493742198
ad87185f3ea8dcb73ce7d7508e52e859929e0415f994b4affb544b491b6f2ce7 597697584 918286242 1493742198
ad8a66a8a577b9f2465b29306975f4041b53bc5ec38e63cae546f4ff063e0626 2540027977 2540011593 2539978825 2539995209 1493742198
ad8c5905f1758debcfe7c58a6c615642e6a938e68a136d2252e2b28a5cf9167f 1746648479 1746648223 1493742198
ada31fee6a0c5c92a5ba49fd700c5f66077afe6a93d17f4adb62e08fe71f7274 1049292644 1049292388 1493742198
adae6999c9ec306efcac4b21775024fca367752a3b4e754a6ec3009fa3e31c4b 1266563987 1493742198
adaef3b65898ed6c52ee2bcad370bc5141f23635a5e7424b1eebb9d92e7c8728 1540286498 1493742198
adb4f80bf0c320ad474f1a98d987454a9dc8859c30875877e17745cba1f612c2 1493742198
adb6e8751b415bb9256ef85cf34d4abd045a9f55181c69568c39d099ec98eeab 2540011584 2539978816 2539995200 2540027968 1493742198
adb85f015cccb0b257173380058bda6fccc633bb182ba6fc43769bab52818640 876013892 1796673341 1493742198
adcfc3564b98a3775a424c5d0e97b1ea5adda76dd43107ca73d613db83cad6ed 1490350252 2745961365 2745968839 2745968847 1493742198
ade6fb3aa53ce3d62194a8e269023ce538afae7aad37904742005b654408944d 583023038 878073890 885565278 875995390 1493742198
ae0204578bc904202ede65790955189985a6bc3c1b61ae0cb6c2e42d5f9ebc63 918559711 918559614 918559543 918559520 1493742198
ae1575215502f479648fb00196e69eca03bfde1625391260b1951d9d874bd457 1936879353 1493742198
ae165574d2c2fb74ef9ebcc936af292488afa0a0630c2031050d14156facd603 100636803 1493742198
ae20fbe2090f67a3d7b9ce8e568938601aa75bf3cc4d3b1cf1dd2e2bc9812a93 1746673489 1746673233 1493742198
ae3dbac228f4243be17775fd53a0e0c02896c47caf55feb5eb49c656e3bc99c5 1746190084 1746189828 1493742198
ae618a9f5e783322cc25a73953ebda44e655d42a88a652e798661b31f60f17a5 2728383240 2728382984 1493742198
ae786deb0214535f781119436d626ab71d7edc9a30791b96414a365e8754fbef 1493742198
ae80372f8877a40e51da040e543577611f7ad084d1a1d73494bfd3f796e26c65 3239954591 1493742198
aea54e9bd44c3401548265ec12266f880a7aa6ebefdf1f37f9a9d3fdb6c464fc 1107697951 1107698079 1107697695 1493742198
aead892cc70b59852927b99a1140a5b00b1e2836cb701a5369ce5ec7ce381629 1156140521 1493742198
aebe8c3aae06857efa5497dc6c0923f5b2ae7b4a648aa15621adc496793d1d65 1600401488 1493742198
aebf3f9bc4b1f6aa534ff66f8c1de73098ab29b8722e73d871c5801b038907be 2246914172 1493742198
aec2eed1b73b682f04563846094ec678086438753a7f5c6881298d5d26733302 3331967638 1493742198
aec95e84bba56c3e34295cb793334d52476a3aa170701ba663600129dcd1cdc8 3325457914 1493742198
aed3477f4752723523470c9fae3bc9f2d58fa1a9e37f014a4fec36f3c7bbb7cc 1746522885 1746522629 1493742198
aedf6060e4b83f75ca08174f85b0e6466a6afcb656910759401eb4ba7c9d5373 1746862497 1746862241 1493742198
aeea903af9c825f62b6e4d0258ee1869a0187dd420d5c61f240d8e0f27d385d9 1032944074 1493742198
af0112fb8e4823aa1271ad40603b0d84899e832905538121fa8dbdce1f3aa2f0 3171516845 1493742198
af093139b78efa132a1a83e356f2dcc396502f43b9fc32498cc566ab06c41d5b 2782975011 1493742198
af172e67ea6ba269e6f7567706ec197c3a79c75c316d2e302a50d96b64863de7 1493742198
af22a46c16cd589d45557ea941c2e74537b7d50211ceab8a18c533060c6525e3 3405961942 1493742198
af284609c27f28bd4265f8c9bfff6b4f2eca1358f401791cb004f40525c60d01 3005984102 1493742198
af41997b9652c10af274e64b116f9827e38990a7fa4def0e71a8ab7a9d2054fd 3240830042 1493742198
af52bc73495d76ba516a9c1d23dbb4a2eff988981c9c6ad8baf2ae8bcd8a547a 917060141 877512283 1493742198
af5843860baa7f6872b107f0accae1f7174344bd23c51c74dc6b55e4d32a7b79 2605210138 1493742198
af5892d91275e707a39b767381381b862d2f9db142697624e3d04e60d19c4d35 1746672225 1746672481 1493742198
af59d440e7d2402ed31419aaab0546f9f2b4a7e9040e70567175efe27832ed41 3070095378 1493742198
af5d174d8be68ef9bc4372781b8b402d68b1830c25178a36732f3e83f79a59de 1600404124 1493742198
af99f4e3f1331fa97607c694d669d6192a61bb3aeabd665a003f05abea5f9d89 1493742198
af9cef17e1c1d5b3456c791f4fb7e5f7eb931a0a6cb5eb59f0f2067afa02566e 1255210886 1493742198
afa09ca33131e94552e6c56c91bb55fcd56648877b861ae5c6a53d6f41961f2c 3344139334 3344138310 1493742198
afbcb5a1b295d86d5e6fc7a4277ceaef554f7af9230eda1ca598a733a587a01f 2297644949 1493742198
aff122f958fefb93ed7e8252309318f4e0cbc41730ce5faf3d9b4c8b6ad2140d 1841980200 1493742198
affe260ad5de1e049ac27dbcf0c05136e2411a765dd1669ff267fddfa32fda1d 3240795164 1493742198
