Version: 1
b00e45bd5d7d2dcff93f5ba394dc95e2227464e43c6c0acf788f278f097b9122 3002658310 1493742198
b01699266d9e29ab87cb3225598c2e5030ef21e0aae6f52903e9978ab89b73ab 1746475283 1746475027 1493742198
b0436b205a260db5c033b3392c2807a3262711b2026b572223f3f2ab85872739 1745902456 1745901432 1745901944 1745902200 1493742198
b07ab7360bfbee77be25370f4193a85cefc99116eab954aae9b98d83d553d721 586894511 1493742198
b09e295bad6b8181850a88314dee4f5ea1a02090d9689e1d3cd7f27bfee669fb 1600404468 1493742198
b09f4b05a6d8c182e11d5aab9735a815f8821a54c43f34aaaed17d42b4384cb4 386595243 386595249 1493742198
b0a81e982bf2c7901f17e2de839455750cf44ba917ab99df4dfd4fed41ac74c4 2499483544 1493742198
b0ac234af730e3b016c39136c70d56350d81b26d2e7e2012425b7148f31b954e 220246158 220246099 220246131 220246082 1493742198
b0c0aeb5bd568f7ae2827c16269120bcd9353bbea192353c71dae1efd94c76ec 3633458698 3633458699 1493742198
b0c3fac8d46702368c53502eff267594119cc69fe5db1e2f3e6569c5e49e6059 2168713883 2168713882 1493742198
b0ca37194a8866c5ef60783258c3553243def3c1ef5cf6065065f83889e24b66 1493742198
b0d130224a387f55e1c4b8439068f7129435b5fd540d5dfe99f998882f5a22ee 2790180363 1493742198
b0dfd4a217c0fb8d36c89d00d030e08ab69610a73c30de5ed4309beaf435658e 3558551562 1493742198
b0e7783f06ab72a7f77a483c9aa43c8a6f0dbf9e9e51b61a00d279c256530c51 3527760313 1493742198
b0f4a9dc75a376c9ce20f1cf33de410cc5c8c3f442fbce9ed451d679fbde8f56 1746144386 1746144130 1493742198
b0f690e6b54d2c70da2bffad7a6d981cb8c1fc08bb9cdc170b6fd5dae8de9199 2032691072 1493742198
b107851ad5eb20843306fbbf7dab48e43dec447b8553e80ec8b9445f1116c5a5 2927696298 1493742198
b1192508f17bdd26df53bcc571672e606a19d04aabd1eab490b2dd149e9f72f6 1745931941 1745932197 1745932453 1745931429 1493742198
b1339f0a2b0fce71f5e6988fc4b9989b233b0fb1e5f7cc7c2bb7f4791d08d198 1539747520 1493742198
b150924aebeb9a5eb43cdfbea5dfd48e8938cf919485a6155c8375157bb6cd4b 876222739 1493742198
b157b3314acb5e8ada8a07a9dd07591470c25de4d078034361f63eea0b601db1 3075442638 3054910437 1493742198
b15d4c3db10f34d934780fc640120740a6e9ec0a90ec179c344069a38d95cf8d 3221242370 1493742198
b15fa57d3726d2ed317c3545b8b69eba4d3e944975e24a46e67d650b953a8c60 720111942 1493742198
b1722c60c290e6b0789a776112dd8a3ede60f1b80dbc7fee2f979efbd2022f59 3340952631 1493742198
b17ccc49ce28ebdbe85ec6c9faee02b0678b6a529442bf890415b05963bc0abf 1728419144 1493742198
b19511d5c8085aea2d88c7ec5ecea136e3a36a58c0798197344be1aeb1667617 921639552 921637127 921639360 921637126 1493742198
b19fdc76812a0a996c3ad1d621c3e8898d0ce5f9b7b79ecc6560053548538147 1540573747 1493742198
b1ad93d9319185a587fd19865a5669da14e5e527925611437195b555d4a5f3b0 3109620868 1493742198
b1b8638df5ea07691368643dafd7a38e7cfc033ef7f03e825e8bd18845ab4082 1970872793 1493742198
b1bd9d2bb065f61ed56775838ac037b0120ea667c80ee7163575799c72954eaa 839971640 1493742198
b1c453133f77bf39d8b9c433e31dc14a1c7cc68b6ed66a6c78ec21b8dd5cf2da 1054388230 1493742198
b1c4632830c0ce114c34a53c6fd02f5249e8ea519f250eaa5d583bf96602e034 642068305 642068304 3501846097 3501846096 1493742198
b1d98bf661035b8fe5caea312b99606d440f0d707baf9de9dea92fd72d6d778e 919607122 919608291 1493742198
b1d9c2195abd15346987d39fc31f20a8d77d1ec815a98608de8b9340c70c028b 621408032 1493742198
b1f56b26632168ce042c7b2600052e07e1c852af40c334fe14c1f498828a7515 830545740 1493742198
b1fc24af6bf983c73fcaec62b17564a91abb087098e6257b2a4708d4089f5afa 712637498 1493742198
b20353f34b9ec803e01a568efa008b1edb6b3022c519291859d87f52a1fb4538 676644841 884123501 1493742198
b214cf654fb3ca3fda7966b40228c744eb6ede7b0187109dd826e9fd57bfdecb 872600555 1493742198
b21fcd7f6c6210c3487df5f4789ec5579d7adcaedfa88f8c876e456184a66c58 2540011584 2539978816 2539995200 2540027968 1493742198
b22735035514e85da0ff57fa1ec3df8a190a15ce687cb4001f74602470a0210a 597556738 597529543 1493742198
b22baae13a9640336abbd1e426afbee3c5e95d60e79ea39709e4f997c4744f6e 2733819571 1493742198
b2303c1c044d95c0ac29f52e3fa2936750788a2ed2d77c15a988038e107891c7 1805284648 1493742198
b23d7d54b7918a95d0f9e6ea74fbe20acc7b1b78cc4142cae58422fac1bdb098 1746023021 1746023277 1493742198
b244d50739a39eca3251122c9075023d2d26222e934aaca37f7310f1310d50a1 886714642 1493742198
b24bd1b0c3d5fd9b3f4c055fe93bc62cf81e8cb2e43f5ee70c32017c2193596a 1493742198
b273cc75e44d9bc1012b6ebd906f2b5bacc3c33942babca1060a7a90a2856819 1746479621 1746479877 1493742198
b29208b6a1c66563efc4bdd53974dadeee173b1d317f430ad7b9c712999e6e48 918646516 1493742198
b2bfe4bac53227f47a04663ed0c36adeebdba47a4e189b92b2362d8b20bfd117 1535539042 1493742198
b2de7f79f335ebb8551d8a9a2fdf77bd92f57948f03185277a4b93471d094796 1746108729 1746108473 1746109241 1746108985 1493742198
b2ec955085c6393536d1dd2c96e002f500b138ba3ca68e39e3ce34e7d5968e01 1757753921 1493742198
b315717e7f957af61ea4a818a8da416754d98d0845e3e3d10f42a0f803411a6f 872895912 885561097 1493742198
b33960790a6de22ca95a61c6d1310b3487304529cb0af6f3e9b80d2e5ddf76b8 3468567597 1653323544 1653276013 1493742198
b3422148e58557bc9b877c154ac373ab7caa1664449a4478a41ac69bb5fe75ed 1347571075 1493742198
b358c229cea94475b5069a43e8fb120a673fc66dff40a7470e6d0e2d88b42c15 264888586 267402478 265939189 265875730 1493742198
b35ceef96b69cca0621fcf395f5e04ca0ffeda35e3665dddc7dae5ec951a0e6d 1729782220 1493742198
b36056f5fa0200914b656499f45d196069e12c9231b1dd917a87fc1a03f7c596 1968052576 1493742198
b3684ad2bdf6018e325a3d49e4c1100e5590d6e9a8cbb9ca40b3c6e3702f3ab0 1805280867 1493742198
b381d4d514c938422ab130a01b899911b1ce1051c9c6f436f6537e39d047a734 1572395955 1493742198
b390bda0e007ee156856bbd0eb7e2b270edbd63be094930b92fa7b10ef0d72d2 911152542 1493742198
b3a04053cce405cde6c570861042febffbef8fd526d7f4ef1cc5f4bb1849d6e0 2809309711 1493742198
b3a5c0b5758699175fa375f8c7c1050a18f08c75583d9f6b11fa79fe8306bff0 3452668929 3452666945 3452666881 3452668993 1493742198
b3bff6c6146464414d05a9d6d43aa6c9887819deb436141f85f3b45df7cc567f 874824761 875126801 846251167 1493742198
b3d2d02ebeba87f2838e86621729fb8a233b71f2be389bfb69f588bfcb29b793 1746472479 1746472735 1493742198
b3def6f73d5ae68949dc3240c6744c15eb90fd1622e3b58ea69494957247e891 874279284 1493742198
b3efd371776cfc5903c8fb53026b22700536889609bf0c7d75bb4d8e66d5d002 2748578561 1493742198
b40ec278b6d40c2a42dea4a074821b95210877537b3bb7ce0908440797e1b708 1746403340 1746403596 1493742198
b42ac56839af7ce026dc54eacf2ea7e168632241d8ccfe9fa292cdf51203661c 220242863 1493742198
b440031c0ea27cb8f0efb1df3db2857bd54331b529cde6ba7d7641ee94754436 2712336404 2712335380 1493742198
b447a69b9e46fa4cb8d06fca8bb18f025aa3dbd2141640f36a6c4dab9ee30ab8 2604675382 2604666931 1493742198
b44eee7dd9a9b8a057ea2a00c579d2f55b5bb60ca0bacf4378c29cda7a6601d1 1890543716 1493742198
b474afac4e71c87d21b14931dc88fc5c345deb59b6fe42c11323264d4224faf2 2360462726 3464196334 1493742198
b47ba903e263462fbba340d88fc9b888624519f6fbcdc66f1e29ffb3e37ecf13 921669354 1493742198
b4a790784d9690c8520ecade4a91043dbd937fdeb910211e2028bb84e5c51ce1 1746163632 1746163376 1493742198
b4aac2dc6a9c9ed3ba161f633fb931e73047991ac6ea6760fea6f0411c82737f 1746493963 1746494219 1493742198
b4c3281f104b1d717d67f50ee7adbf5b95062b34d489cb8678a483e1eca36bbb 2194868593 1493742198
b4fba78847dd0d066c733cc3bc0aec0f8822cceacc32df25e9f0f58748d69d1b 2688193538 1493742198
b5032b0ca1627bec43abebcc1ce03d1b3c9a7bb231369d7760bbf85bc5095b74 3492849628 1493742198
b5123d0db84693be5a2d80d2aac5f3f0d62f7b8012a778a5a2e1972eb1277100 3469694045 1493742198
b512a9d6a2ba64cdf51adb1315b06db1755a79b22752118797a39eb71514f248 2899907171 1493742198
b527b5fd9d7de746d9790d80c94b9ba9c33bd73d12632fb6e6bf08a7d2e162d6 1532834371 3589484611 1493742198
b5529303d92afca0ff5191a08c2d030b8c9fae324d97a9fd25013fd7a659c4eb 885354097 910234189 885087553 885379327 1493742198
b55c400a193164fff45036c0547bbdb6d65f595528a7fffc58d3c49bff998f49 387270990 1493742198
b598028811883285602504f580b4562a342786f93af25bd3301eb68260fce020 1493742198
b59d0344193ead61d191007a6692dd38a76a0a458d0e8b3982b0a06a81a26106 922154591 1493742198
b5bb5504eb4d60e3275b5b4f01eaf4952b95b658877c4c7f458bc28141e6cd07 2540011737 2540028121 2539978969 2539995353 1493742198
b5c17dbc858ca5044bf475613cbf819a636a3897349b9eb656ba72f7316c6fce 1613582991 1613583220 1613583345 1613582883 1493742198
b5e1a0e18bfb4ddc4efa83d902f500cc25b6755f6d8fefcbac860f686fe67e8f 3495799311 1493742198
b5e2496f4e8dc7c1aa425277d9db8a9e9a73189f386a6a09a7f1a6d16ce47d65 872562414 1493742198
b5ed473e59e87bc169da722701c7d89b83c12c54fef98e90ba41d5cbbcda1c23 1505251797 1493742198
b5eeb8581984bbac3d77325e30f75e9ebad06c6b0fda10d1394061a4e9239ca2 872405795 1493742198
b5f548271a38df6698759aaf7ba664740fbaea6e42e8548ccb6c4b3de5e7c2b2 1746886316 1746886572 1493742198
b60858494a579a5a29136511a0bb53ac50a57cbf435854b1629bdf252782c33b 1542052762 1542052763 1493742198
b615d993250cbadb491e0d40bd4981504768777bdb1a17b0c8f4146b007c5aac 34926615 1493742198
b61fca4922f497692bb943829c5816027b4043b70198111eb7be3130869785f2 1746165215 1746165471 1493742198
b6231674dd12fc9365c78d627ed9046186293762b85f3ce165a5258bbb838e51 3627734052 1493742198
b62811dc099c200b5276b9cf3ed84ab9eb772adc3fc1e5c62cf2e275cf8f0e01 2899907171 1493742198
b636355028e2167aa05626130f90e738167cb65dc2a811e11f323dba3e8b77e9 2155740552 1493742198
b6448b0610b727378c187dd849d5344c16fc93fc9303a1de121e04d556c355a9 3322673160 1493742198
b685688fcc7c4b0b0d5f5e285f133af160b03ce0e33571b2d8fb24cb203bad5a 1540573378 1539518754 1493742198
b688b54ec9012e4b4d61662f0a53bfb8a4fa265cc47081dfb2757db9eea3883e 2372237406 2372237407 1493742198
b68ef5e96f522e2e715dd776ce94fb27c6fc208bf9b2635002e63e75eca1c1cc 1746643361 1746643105 1493742198
b6ec7a4561b600ec2d9ade50bb5117aa627f49ad0ab5969b8bdb504adfd65556 1746018795 1746018539 1493742198
b6f6b60cff79ad6c37f9801506c6756c5faaf063ad39fd2bbe2b81b33c49532f 1746363070 1746363326 1493742198
b6fb716c84cc7e578d1c9e303f95b6b098a059acc137ab29e0a8733af26b06d9 1500228535 1493742198
b700a63685a43a91cea17908797bb92814a684e10fc4ee0835d88bc021f21be0 84629200 84629138 1493742198
b702b9b953e9823fbb8ecfc8046c058d7fe74de2218c433b61c0a7a48b5c83a4 1592009774 1493742198
b718704d1640cf385f329d29d07b24e7a5bfe61a68a45d2ed4a5afc282af52de 1075479364 1493742198
b728b04a4ea913000dd85e55e5f5a9c1bdd042146f7746f97d0ca119c90113ae 1746866435 1746866179 1493742198
b740bbf4d5f70b63017df5c9ffbd5d360da7b1ac6301990ed6114e4ca4b03525 3233914302 3233906899 1493742198
b755b78118f76c989aba7cd2cd3a34d3640c8820788e60ba601a73289fe06875 1746497124 1746496868 1493742198
b76f97e7a7b2fd3488b6f5dfec24152c4ef3c3e580f8b701082684bd0efad676 3236274800 3236279920 3236281615 1493742198
b771b3e4a35d237e61b8fd6bd648f3e14f4dc75cd5cfa3883b3e1b2b0cacedca 220246061 220246096 220246024 220246085 1493742198
b77a9190db7478c2d53c3ab0f9ae213333de54c037947447723a5cc5291a805b 1086074946 1493742198
b7a80031b3f38eee308fce1617b6a30fea216f347939872ff0738bd0b22da6ee 1746176795 1746176539 1493742198
b7aebf4993c8ae5747a86b905200abfad6ecfec513deb92079125e4e48b6af4b 1652344611 1493742198
b7e3071cc43cff6424bdee4d29bfb91d85818881b60434c4765fc3e2ccc95e8a 1746531358 1746531614 1493742198
b7e811e8d8420e168ad62231b7f06574368363fb6d014d07970f74bc1a8bdc75 2364210279 1493742198
b7f1393f52208470828cc981751ac043d98c108c682cab72495bfc7d535f6d3a 3195214858 1493742198
b7f6f9a641b2d0159956676f30e7c75206f53fa7ac8916f6b725643984127e88 1939818282 1493742198
b7fdbb668f412312a65717cd1b37b928e23d0f282975304cf72fb921428064c6 1754935562 1493742198
b83974d09bef2f6e3513026fc9f2a92a0c5ef8c97e86c060ab7b61889a7b309a 3488735234 1493742198
b850593f3fdda8f36234ab3ca4fef3233ac77453f5eccce62a2ef3493b53f37c 3331800164 3333372004 1493742198
b90e1b97ab37db2bc3b86f33d763f6065791375adaa415ad044ba638e3da8448 1746472456 1746472712 1493742198
b917a346cd57526811924b5e320c351f4a4ebd72cfe0c2b3e41ea9a0412548e1 1572396012 1493742198
b9246feeafc90ae7c4a4a97e9ebe8ee725964958899c27afe9dfa0c37ed10789 939558500 1493742198
b926b3d61bbeb9fa27d36b44321b1220133ae2b0a9cd029a657867f83f1b8cb7 1745892383 1745892639 1493742198
b94c783c3d40abc418311c04f15eb4aa99033fefed13eb871b95fe3669f96658 3105017270 1493742198
b955f3409bfac9ac5d533d9469c1aca0e0b5accfe41251b7952839c3b8a0a908 392538543 1493742198
b979b935c2fff5597b4c3e0ed6cce4b003c1773c2b8779832352082038208529 1796666985 1493742198
b98ae061a7da9e946e89927c66abbadf26e621f62fb182608acf958715593d65 3226595518 1493742198
b98d5509d84cd79c6eb2ff0ef222b6e4518a7687f8cb519f64afd0d87007ddae 3585379724 1493742198
b98e342795ff70d0a721849c162a7d0d73b5445bf0f12cbf802b949006bd2884 1744270628 1744270629 1493742198
b9995f514de30f4b7c1dafb0ddedab856998e8397ab8a882875f174f3b4443c8 3626091866 3521196378 1493742198
b9c110c397946a8dc9d4d43a4f176bf9ce04736de6080404754c615bad221451 3106780163 1493742198
b9c735e9f59cf6cedfb7d7045dd4400d63dc212f4d9bfa55a2e779b99f5353c5 3236323529 3236318921 1493742198
b9e24b0819ff529009aad694898ef0bf666534a52facf1228a7b8dd3351aff9a 1589023459 1493742198
ba07881f110b3324f55a84d9d5cea13e8d0a7d622d6ca62ffcf95fdd944acf12 3734951316 1493742198
ba1fcf220d7427f8e958d4fa69c1c93c41de44bce6d4654dfcdf0aac9b4b3e2c 2539995385 2540028153 2540011769 2539979001 1493742198
ba2a2f64135cb9de8677dcfabd5f0c3773e7beb282eb9b2cf75835b7367ea427 1294247620 1493742198
ba3599f39957f1a964d65b05a918c3b0c9bd64e9bdfcb1f3b48b40322c781449 532707372 1493742198
ba8710ff8813e19dcb18ea427f80c95aee6b8da03213c19446d3acdd1b842579 1744604691 1744604690 1744604693 1493742198
ba8c70ba39f4420573918c7cd26ac795fce9ad03c4e73548f8d02910c22be37a 1753378507 1493742198
ba9414cf32652a5b5256599f164e5d364836b748738d00855be4cb87e894e95f 911578599 1493742198
bab3595a041ef194d966f6c7be9c6c10cf0e105b807fed7eba85b3219a529f14 3221245728 3221245729 1493742198
bab6864e26241bfa9eef479daad585b8737f8fcfc124e59625568f6a50808566 877972405 1493742198
bacbd2cd3bc7025ce5a5beae1f131746c89ec312330cbad040948ccb718ac721 1493742198
bad69d335124ca54fadb074359ca615457587e5b8e755fbfbe78d1f59cd5a278 3427639851 1493742198
bae60ff2916329294f04636a725d13afa547670861d2031487a3320bc6c2c179 1746490143 1746489887 1493742198
baf8a6ddd2776926fa8403488b263a2903f33e856131beca5a355ec38c2523e1 1746645556 1746645812 1493742198
bb4ac35baa47667225ddb3e47c71ed0a125e7c1a555036ed3c6729ad41cdcb97 1493742198
bb4c479726adcaa3c03a7c18d7cc06a3acea71f2e79191d2cb7ba1d05e594b87 1211368889 1493742198
bb8e87e87e7e7178c807b5fcf3ae8b76cc1765d2c7f258e2f2fa3e2d99d124fe 1746128669 1746128413 1493742198
bb970d0a6bd48c246dd7e4223e34512ed51101ff36d2987b6c04d6458f330579 912184388 1493742198
bbb7539b678e8d8fbe6f5b39bdda5ea9508121e59d71029a8c64a9786ef05fd8 3452668725 1493742198
bbbb6fccb746f13311ba6056ec4b46a412eda01e5c227001931b922dbffa7b31 915690591 910528407 1493742198
bbcf369f40f803f9a979b9376d6025f1c0cfe76ed680595e18650a81fa70ea0c 1074551226 1074548537 2511235937 2511236710 1493742198
bbe4854489dd9ad787f3ea3193b2e3a476d703149f5a556beed1d455cbcfa49d 1467491369 1467491380 1467491371 1467491337 1493742198
bbe593a37fcb05d66a0a07ea078a3e1530649ec997191984e5aa0644b55bf95b 1822469326 1822469358 1493742198
bc0d678ef5f1d8a99d56a48d0e1abbdbd23d3838c6d55859998e08a04f73005f 3427676754 1493742198
bc3d344177cd88700fcb69341b1fb69e1ad448d06d1762af435ad98a3ad75e1f 2899907171 1493742198
bc43cfadd0bfd30cd6a561c342ed5366f1f53d74007666a008e06afa555fd21f 1746404122 1746403866 1493742198
bc45714fec501d9f788a7250794cdbe059010cb4e3429c4eacfd45231d942c05 2997016405 1493742198
bc5e8f2d6b4c9af63c1295b7526dd5e17777f306ce7d5af390738658aedd2b8d 2899907171 1493742198
bc7631cb0a657008bf56da80054f845c0127295b5c3f0e95db162cd537ad1dc6 2705661427 1493742198
bc88377f41785458dc1637bcda6f82ee3380fddcdf7256c407fced43eeeabd99 2690426827 1493742198
bc8abb8fc0ea368cd86c417064561dd5bb684c46e5608fb7d98c8b455b5e5751 1746409545 1746409801 1493742198
bc93ec4ea9d8cc1eb68312f8fb24e4a8af634922a433067d909a318bfe0da3f6 886356856 1493742198
bcbf26fe5061e7b716ba357660c839e762f518c778be6c38b82b7f6049f224fb 916840710 872710360 1493742198
bccee2f183cdd5d96ca4f0b77d49107a92097919eb3a9ef9035c73802ad5ce66 1589023418 1493742198
bcd892c7f23a1f246c543e4e5026f948c880b229b7ed947e9ea277a6d4d67203 2539995205 2540011589 2540027973 2539978821 1493742198
bcd979399253e88c1eb81cae5ab24f034c18bbbcf1ee45fc555901cbd10c5b68 1297080556 1493742198
bcdde6926818c26fb4eaf999b793d9a5d71efc07188783f03bcfb2586068d375 1746170627 1746170371 1493742198
bcf2024eea6952da3826c4dbe3cc02fb4788ea16bb362a23ffcb181720d4dc78 1751925653 1493742198
bd0101a02a162b67eb49dd57771554ca4980da2e61087aed2b38a0b0922a3b4d 693530255 1493742198
bd0b871a49b70ae5a6e9226997483501eedeb0f2e3248706ef6dd82a556cc268 583512476 872847440 1493742198
bd2d148a4cc098dfdf16095524c958f2fbbe7f2fa40014ad52d57e13a51401a6 1746668810 1746668554 1493742198
bd3151ae2965dd73a832519875d056916c6bee9c5fdcc13fe3e419db394089c5 34919522 1493742198
bd5521f3cf2dd0ec3145faaf74132031b2fab81d90376f04d8b692252214f039 2822693143 1493742198
bd584a900f6f1dbcb4c6d517fa5eda7f3bc78feb9e34f2660b40d3fc702252f9 922048090 922048123 1493742198
bd5c873a7ec334215039f1bcaaf26014517504354842e8d6e9fe49ed6e47f038 3653513044 1493742198
bd5fe49d2a85eae4de37c4d30ef706e19b66e8c5036d070c67d8efc358c9cabc 1746195738 1746195482 1493742198
bd60364dc710836b977fc4686ae937d043232f62897dcce24699e4469784b486 3233900208 3233929808 1493742198
bd7a9e448744696f813f6195c0acab27fce0342e4b5d3c052639ef249ad9350c 1746145538 1746145282 1493742198
bd8002d41ee220335dd4d42b5fffd9906e67575813de40071f1b7c510af0abdf 3389454062 1493742198
bd9473de05f044fb651a19d4fb2869a6d849b6ad72e07a2432038ad133e87573 1370550000 1493742198
bd95e5188f76cb61f76c15e3613e7d79494d5a80a82560e873a01a452a7d3a9a 1746670363 1746670107 1493742198
bd97a224755c663ab2cd11e1737802bf0d5fff421ea248877c6b210e35740a04 3741260736 1493742198
bdacaf9de1a38936720e517dc0df736b585339f4487488131d57c0744ccfe3c1 3258322591 1493742198
bdbcf85428f41edc79ced1c6075d23643134d59a6ab71ccb18429b996637f165 1786292035 1493742198
bdc4d4e7459de63852e4c94e716f3b02b76efca94a2f31c9752bc94468ecbc21 1746474851 1746475107 1493742198
bdd79acee0745e45f025cdad338c7cc27f43b10a23aac7e9baeb4e1acdbf73e0 1541190917 1493742198
bdfaf883f2620e78190c911d249f807daac726203001c7aca6347698f02cad36 3229415690 1493742198
be013a9e5c3268456b61952367d5bf15bee775cf53e52eaaad8069079ca0a672 2032800239 2032800238 1493742198
be081d67c47daf163a1ddaa141885292fdcb85201c2c6e6cd6271442f6276192 1753431470 1493742198
be186edb2a821d0b4eaa9c49d9c2ce6067f7f6d6d00f3c5cdd32caa291638b19 1746666393 1746666137 1493742198
be1a5ad8b0e6f8eeaeff66166db2e3755d791a29bcd7138e26673e78ba355a70 3106113886 1493742198
be395d1223791b4f9ca027488eda952101fef276507cf5c2f0f02e3eb2a3a1df 3333434296 1493742198
be3fbac22a2182435f85b3f700cdf3887c2b9cf491069e5776189441e201f511 2822647991 1493742198
be770f4ee04f38c31283825afda2785a5d74374a15920329b1b6332ce0be8e3f 1746490145 1746489889 1493742198
be77ad644d432fb17dbe2550fdc9597daf4d6984e1ef4594336371632e5b72df 1541989938 1493742198
be8fbf39444a07c4fbc4062885054c745d1a1f470914a0867e23aed46b60929e 1746141920 1746142176 1493742198
be991a0c1b00d78f5204fa6872474efc5889d43c2b485cc43f86f1bde57a8b2d 1493742198
be9c5b6d21799a30e7d39d90dc6416a32b79c3045bb040abf71c0f992629cfbb 872386808 1493742198
bea55c6f754282407ce131da710f39c798fb4a320fef5afa6b2f7dfa676254ff 386595216 386595243 1493742198
beaec074de93fd37ffef618f0f13006d23ae6f6e1ae264ac5760f932f9f1b0c0 3344139202 1493742198
bec917b4f8d1a0e6e7ab947598bb8dece5b5433fca94085bc5f5101b972a9d62 1168465935 1493742198
bedd63c333a14012cef761615a42fd01fa54fc447b8d74e9c5f4e509bfc9505d 1746164255 1746163999 1493742198
beeefbb324b48abdc9af9d89f1cc6431c127ae416adba4dbf0f1c6e0f87056ab 1745887259 1745887515 1493742198
bef085f6fc3b33deee6ed351fce877d0dd71570cb8093287a2a4822f7291d9cf 1746881176 1746881432 1493742198
befdb0388f0217a1109eafb0631cd0faf8337d4b47c1e9447261639ba1d3b9ae 3569456171 787200463 3104942873 1311338168 1493742198
bf09dacbe6b773ba5e95a37fca81f257d57c0e2958cb823e3010afc6b5feb0c3 3520063216 1493742198
bf0e761e14e1b47af6c770ece5628be3da7a8695ab1ad8d58d1e888ff78873c1 1746642768 1746642512 1493742198
bf0f0ce9919b5a3cf79fdd6a2d83f994fd1be64a6ef76ee26f984ce67d06fc34 86854949 1493742198
bf145ff1ad6c3bdefb43c0c55cbee8b3bf1bf909bd0d6d37a57094dbb3f76ec3 3496805594 1493742198
bf24b6ed7e8563fca6b2720ec011872098df61fb7c2b38ff6cb8d6647d81a7a5 1896607365 1896606854 1896606853 1493742198
bf3c4548fe75e15203d1373a67facd268b5b70dfaad75d9cc90a86b3dc02e636 1805283675 1805283931 1493742198
bf57d32131f12a04595acc26cadd1357bfb3ba7dce627502fd3a551e07cda886 1746655260 1746655516 1493742198
bf6363bcef09e0dc34ed6502bf4f91f70850651aec3fd51e865f8e4d0749cd98 1160397098 1127697065 1493742198
bf67e4f15624db262a158d378e4d9bf631d9305f03425d942e9e0224df1cae0b 1493742198
bf84676ac24f44a6a61274df0aa1d0e1813c331a46c661a8287087a134f872b9 1747533366 2306124839 1758970385 1747509708 1493742198
bfa55809ab4b7e77de81e97c2036d38f7877b7914701b5dc6e0ef6553ef78347 1346809230 1493742198
bfabdf5cdf378525eae571a7846896f13f2894a2e53966924014b81e4953c936 3574436494 1493742198
bfb6fd46b25d5e922fb2ae6d5b765e1433835b9f61f4f4e6b74d33954d3d1603 3633458698 3633458699 1493742198
bfb748045a89a9b33218facc8585e195503e78dc6e9ba29d7f09a87222c02859 1559413508 1493742198
bfb8416b28f7a77ca167e2d114140d12d40443ab8388a4559622c60ff0177695 2723093772 1493742198
bfb8f34129b780d8d0a82ccac1d60a4f482452d199c564dedeee727644ce0b56 1745900599 1745900343 1493742198
bfc0086d8e42e9b94060a7c9a0707f46b5758775a14aabdd5910f355951f7168 1746387230 1746386974 1493742198
bff8985d918e195c546be7775815ee96af961e9e3841240cd4580e9bceafd9a8 1746434002 1746433746 1493742198
bffd48c8162466106a84f42945bfbbcfe501c9f0931219e02ce46e275f05ba51 2899906705 1493742198
