Version: 1
c01fcfb6c8c9be9a56678ff9470dc4b9ffb37f6c4de3c88fe865904ebb737fb2 2956268893 3104105330 1493742198
c026c951a9c6b3003f4dadbccd6e831c4df1faa223c4aae5c518b1f29cc28071 1019732824 1493742198
c02af9ebe38ef605d0105f0a9a7e818600801b414dfeb62248049800daa8e966 1745882639 1745882895 1493742198
c02c13ac4c977a534864737ae5de1a7a30551f560a3ef80ac50aca5abbd8f4e5 3586392577 1493742198
c03917d20e8f31e328dbc19e70fd2264f589ba2b9f1079eaefc542b61f5cbd27 1746202922 1746202666 1493742198
c04d3982f098088cf65a7aa984e26cf0144290685c7b037f11f66180c1a4785d 886234977 911070591 886181800 873590929 1493742198
c061222d905bb2ec0783884f2ccf07d9ebc7d9209202188a421c12f4ab3bb0f3 919740354 583319731 1493742198
c061919f8e2bde4a1da535c078fc92f6df3122ce20f4417965cab246f1d1965d 911057601 917181772 920994893 918722023 1493742198
c0ad180508cf8a11d8df43e136ffa4538e351cf8ebb0d4267059adee044c82e9 3579580517 1493742198
c0dbbc01ae95255b9118447c686ea8d420f8b440800be5d707b5b2dba5aa93d7 920246924 920251446 920962309 920962180 1493742198
c0fd9d23a4b1d7e4083cb47621e2b4ca803a702a5fb893b780953aad5fd4afea 1746633610 1746633354 1493742198
c0fee9c288d8a8d542f4df45f8b34677530337645616909afbc3c0d6413e8001 1746498580 1746498836 1493742198
c10fd50ad029704851140554e38db4f96b412e6b3adc0c90049304b57f1d31e0 872856826 1493742198
c12511fde85eabb69a0cbdeb82f33f46e5435ae739888a89f59566d272a8dffc 3396106178 3396106177 1493742198
c12a50be56c52f37e1091cbcd70c647ec2ac5ff99d0caab1b19841e35e6c8759 1746652506 1746652250 1493742198
c13c81357e8a5ebf13842acd0d49648c6a96790dbbe01be09d5cfb7d885f3715 1746408789 1746408533 1493742198
c14962ca3105ecf051bea91afa9616bf97632aacd4cd809269f3b293bb62ded4 1746192139 1746191883 1493742198
c14dde17ad9eb556c318003a38564c85f1645a3ec3a5919709af1b98646647a2 3221245730 1493742198
c1603a1795b78f372cb8d375491804b2f37d897078f582210487ee4032a53b59 2839004777 1493742198
c16220e33d72dfbec1966d17ccd450e9a85302ed05a384fb170fd9d2c9c7df92 2727397624 1493742198
c1688e9b4c7a1dc950e389de2a104ccdc8c80648f9202d1cca5f4289d5d43032 1168951599 1493742198
c16c784ef6cc4532ad667536daf3ca7c814a315227ef9fcba1662b87e564e8b3 1746646167 1746646423 1493742198
c1885e7c0e036486ae92b50b8e351388d07ed3365a7ad8f11a9372085abc492a 1168616785 3510900863 1493742198
c192d246e18f6d7042d917509cba1de93ecd107fd57451f1c10eeded1a06230f 1170209940 1169889044 1493742198
c1adff28035f67f7337edf46a392df14645e9a3e7774d15027729ac82c5c6be1 2067444744 2067444743 1493742198
c1b3922879fd1ffa175b658839d67a2de940accd3f85da42800c974ad4082345 2839121492 1493742198
c1d27720b88e089ea40deef47398122842fcd531cc8dd3c6a772021ee89a9bc8 2539978904 2540028056 2540011672 2539995288 1493742198
c1eb1535cae2a5e679c9d6a1b648d9d417094dd0df961ee76c2b6b5a3b533647 3326637264 1493742198
c2199090d05b841d1fa5db06bf2f28038a77304a6c5a5052a8a6774814f24799 3437334843 3437334839 3437334842 3437334838 1493742198
c219f76d2cefa75dd674a9a30d92c68585a1196158cbd682fd52965320be00a2 1493742198
c21a30fe18901cab73c5695cb3fecce2c036013e8ea99b702d057e6f66588c6c 2540028143 2540011759 2539978991 2539995375 1493742198
c229c1d5760d42188055e4041c6f8fa72bfd2f31f6fdf946233570df6f593ca5 2899907171 1493742198
c22a5803081df3a443c9d69fb253bf3675660d94459d3a74686877380a5ad794 1054012633 1493742198
c22cfa842338a6a38b612b7e816bb209002e20150aabc74067195bdd938f1795 1074592135 2511236713 2511235940 3486009911 1493742198
c23e3c516cc15eea993e4e7456ff8b864927e9cc76d8cdac38f1b31aaa01ca34 1493742198
c24068a40486eb671b78f669a324aa44b5c8eea363fc707b5ade501b097a9069 1493742198
c24308a9710652500f4ca6d3f45c26505fa237b2a2598a0bb679f12c5714bd34 2620802313 1493742198
c26ba33ca28604e8b35c9054f11f8739cabbaeb2b91e5cff822205a526895d6f 3001812955 921641644 921641098 1493742198
c2869a97b33205aa15aa45bdfc4e3f59efedf121c7df3a669306a2971c32ad07 1746161620 1746161364 1493742198
c28a65ab48606d937d073399d533d152f8bee533faff99f8644b5c34cf1c3b1b 3752139666 1493742198
c2a0c2a3484166c804180a1ba1062e0fc5eb6c7adb991ea4d79f0fcad451965f 1533240818 1493742198
c2a777a324f79ddb290c23a75b1d5987576fca84b8db9edaca9cc7a3a8e7a3d8 3104263271 3104264096 3104263229 3104263284 1493742198
c2c7b5874ff7d79e642f65aace26cb103ec4cd7faeba8fea1f0575c539ed91ef 533873214 1493742198
c2cc4ab4c855078d9d487807027c0cf138acd9f7a16671eccdf96c2dac68a5c7 759185730 759186242 1493742198
c2d1263bf68dfb700051cb953a4c012031035c16f2f35cb3ec2f3c3eab2f728d 3231060085 1493742198
c2e1529989d04d01d1e08f8f00565ce3f5e841dedaf38401402151867aff6a6e 1728446466 1728446479 1728446467 1493742198
c2eb33d4f0d7d41f3cc619670c0bc242a55a760a0db6dd19f2ef86c46ade855b 1603192791 1493742198
c2fd20bbba1fbafb81861732c35316f9082099635340fe778bf7717bb2b6ca31 1850510714 1493742198
c3168dc7962f6ffc2c6f943f11c01b0ab73ecaadfbebc66df1cd597d63adea88 1307261005 1307261011 1493742198
c34d2c334efa0c72da48db45ccb639338457110e0b186ea5c5330cb6f4151e05 2088744136 1493742198
c3724d00f76d90b320783974f4202d541acce54ee79ffd64ff52a84aa769b29a 1746143559 1746143303 1493742198
c37c97878a0863e51dbc066c4a04dd6ef088ab1ed71672647566d2bd878e024d 1493742198
c395d8622a51c9f33866a9e9766a85d7dc14f1593dbb32abcb120044688e160e 220242795 1493742198
c3a95f422e68909cc566932290babe83ab0e0d7a3bd736ddb0a9ea9335168b8d 2921605155 1493742198
c3b2f6305fe639414879a8e1d152fa887437ad8e93db8656abb54d15d1696e2d 3585395774 1493742198
c3cbd6b2dd01d95d8a33c0884aed47e5778d4fc1856909fc5fe254ddb9f151f0 224179520 1493742198
c3cebfa05f5476e9865f5fdeea0b766f96efa4fce4d89e09e222ea7bd04e8e89 1082594563 1493742198
c427018fe0b8578efe1e54fd44ce1cb0ea9e0a58b2494827cd12c3493080b96a 1746473241 1746472985 1493742198
c42e1ec74135fa134917fa5fd914e7676e784ccf87061bf8721d5dc9147ebeae 1746866435 1746866179 1493742198
c453df50da880a0023cda0a090a6a5984d24644ed9bea58b6afbcedc8d520057 872785566 878075921 873898587 1493742198
c45d5a9976603dba5b13b2484d154dc21fdb166c1153e3713a6916696d48c33a 3254579837 3254579737 1493742198
c4621ea408f7d1ec828f8f18c7bf51238c25d49f349ad79f10b30ee8290eac26 3639571556 1493742198
c4635a642f8a2416c08e5724f508c69e80980ca8d4431e2d4eb37cb91bae9bf6 3488715898 1493742198
c46e652df3d89858d7bfe636bb86e09ba1d09dc2a57acb830cffc934d941570e 3097140950 1493742198
c48c8dd3cc7a9a3b474506d8379c52860885defdbda52550ed590bbd819bfdf0 1493742198
c4bc8c51de92b607b4de729300eb1b62ccb4b7ad0d87477b51f847e59612f885 1580693025 1493742198
c4c193a09ce58fcf7f5bcec087b6430d1cd46a028ebdb7ef0059a5b06621d0dd 1728419162 1728419163 1493742198
c4c62c5a6c21430cc31b0c578b2c067fc58ca30f92a1ff265dc31dff3032fdfa 34920827 1493742198
c4d0d82c6704bb3a1cc97334abbc3dae8c423a2d9b9b08e02f4e6a6931cd5651 872456204 872486904 1493742198
c4ed308331eba0c95017ef0163b6497fb2c8c9c724d2963fbbdeba63679e6431 1746156379 1746154843 1493742198
c4f835d6ace0e58b30b27fbe33bc0f9ed2a3f64f442dbf84e619d7f825071889 1613583041 1613583217 1613583337 1613582874 1493742198
c4fc05d048d93c011d9a57c6e7261388d0e54271db82cb7f5d2c15c67cd60f32 35035501 1493742198
c5024db262ab0160e6a19baaeff8f7a19d14ac874f4dc34c0c075c7960be43ac 1493742198
c51377809913d34e9dc6d6ba90dbbbe6cfac175277ee90224a6a0625269b9c1f 1746145299 1746145555 1493742198
c51698026d8ee55c9409fc9724c883729fc65fbc11797a83f2383750b7d31096 3260306324 3260306330 1493742198
c519640ba2d85ce4e780cbc7b745cee337d52dbbbcfa1f03aeafda1e67cb1959 1805290564 1805289796 1493742198
c51c38ec8c257ae13e278aea22a1c393f968128c02ca592462da14964320abd0 2690396807 1493742198
c51f53b22a8c9706bcd38126e8de850b0dbc791f0e67f8c5638fc85c91925e35 1114930889 1493742198
c520d5b4d0fa6818e9492d6238ab5ac03924ff9ffcdc49fd346882fb2856e403 3514727207 1493742198
c56030845007179cd02687aa24a6e56d46c6b007808b0bc4ecda5624081c879c 1134387758 1493742198
c56bc9558a7d44892264279da5ee4ba93dce4d08910d2f86e7493a7db08ab282 2689796278 1493742198
c58b9637ebf64496e92eb421ccc7ab0cc9684a3113efa6da4add4e9406a66053 2954912424 3455840826 2954912813 1493742198
c590b14fe8a8fc80585ac976524e78b68ab002f675a8b1d42901796d3f3a169b 886628914 1493742198
c590ca506ec6376a4518694475ccdeeac194e34452625f614f451535b38184f8 3109386508 1493742198
c5973ba8030b4db4b221979e1f7dea339eefd409ccac505ce6da7fc0c8cd2eb9 3358230740 1493742198
c5a43c3b1229cb8c5cfd4c75fdd5c5c8ae763e712693d64582b1ac232e941456 34919441 1493742198
c5f2ea027844e67e7fb600df7ae6c63aac39430c64f542234148f265c1d8926e 2539978956 2540028108 2539995340 2540011724 1493742198
c60a7ebda950d3316ca34490d955b1103f90d25c1dc041d7c5d06fea858c1286 1493742198
c62f1afad7daf47c6b32f70684bb4bc41fb19e57943f413d4838ffe56818f26c 3281661590 1493742198
c635d6af233f4bfc5fedf0ca899d781dbb58a9763a0990e251af640c793230fc 611198929 1493742198
c670e75d966c9ff7a57e1b6d3b424c1eb56a63cfe5c890c3acb50b2198aa333b 3262444308 1493742198
c684241a1d2c2771160c7c45ba0cff2667470292c36d8c4614721fc89f949246 1746532204 1746532460 1493742198
c689bff2af24742b204187a38a127fa601cd210cb0da5f6a4c0f01e71ac48a9c 3322897198 1493742198
c68a5db03181ac85e67d56199d0ce14007d71ed537faf7e3f8b89bf8b57e152b 1746477667 1746477411 1493742198
c6c77bf75255ecea9a49b0734e7a2a2a79a263ce1bcd68751c7970a69e0ac7dc 1743430204 1493742198
c6cb04080a033b5c5708214eef05e1a63a44cdbea772795a98ba39201805971e 2899907171 1493742198
c6cb30cc56a2254d168be8d0ac8d5b938abd512a85f7af54b6a9a677e25f3946 528680102 1493742198
c6db0a8b0d35c314d94a85044478586d5517ddf5f3643a20f771809eea7dc3ef 2899907171 1493742198
c6f344ef1dd6e90a794f33e1337862d731c1059caf8799d78cdd7bccc5987cd5 1542140963 1493742198
c6fb4b897348bfa6a345069d033a03996e16b2bce97024df9be17408e3e57eef 872450020 877208378 1493742198
c6fb78397c3e6b7c509c17be82634999092fca70d64d9916a1fc1d9c0e553cdb 1746147883 1746148139 1493742198
c7025acd92661cf8a9affd3cabc66e9de3534171214041af7ef8f0aa309c63c2 2760157088 1493742198
c709212ed1222728f4ed0ff063eea696cf57402f7595a7a9b7d4935b64ad3c85 1049985181 1049985184 1049985178 1049985175 1493742198
c720b06eef534ef4236595cc6978ebe77ae2730decb22c6025c12c1fa9280b9c 3221245728 3221245729 1493742198
c725e1bfde0066b587e814d1d6a2efddd517a6f99bdbd8606e7b9132637d498a 1177213334 1493742198
c732696e78799a30fd729c33a8d5f4b0fc73468e6cdbcf6ac273c51a6bbb88ef 1746673607 1746673351 1493742198
c73625eae77fa11773f34dc2ddb9b3e202f8d7b5deccf112f526a2dcd740eb3b 1746156530 1746156274 1493742198
c74f651cdbed9eb450fa1db3b4296614e241cdca57167f9dd386cb907d1cd4ae 1746881006 1746880750 1493742198
c75387ee60bfb8aa1addc06fd99bc11097726e6ade1a1bf93abf6badd33c9d92 3227455337 3325219701 2503515008 2655332100 1493742198
c768b2f1aa06fd823df5b929e819c49a6b396d54f1b8930dc1d9b42a97b06fdf 3415705044 1493742198
c770a643f470dde72b66ac283987220633da50f7f4f7731c4341b0da3991c73a 3113216513 1493742198
c782c1760681920a8c2597ebba3c3c8cd1021cf8298a23faf1d3530d56d56f0e 1365168241 1493742198
c78ad2a160926dcf6a49628c6cb8e5ef82333f0920d3dc7b84089d78e74c1b4c 2737618782 2737618784 2737618783 1493742198
c790f7f8ae46e3e2f39467e0ad1f5adf3e88f66f4bc4f7ab90c573e60d53edbe 2538646419 1493742198
c7a4ae1584062a1b957f80f8635ff372b2469dece93a551d7a206b41635efc0a 1746191618 1746191362 1493742198
c7a8369005575b2fc9f8b712941ea2ce14ba11cee6ff65364b39751ed8cc2884 2006176803 1493742198
c7bc820b8c1c8934c1f997f4ab5af2d6d83ea83534104950d313d18d74b0eaaf 2820222995 1493742198
c7bccb4cef52cdd8a2a8571d014cc1504ada315af24363f4dc0a84f01e68bee2 1307255524 1307255523 1493742198
c7d436301b45333c80c3efd5452562aaa2c4699a3fcb0416140c617ff17094d5 1044351238 1044351236 1044351234 1493742198
c7dd9749c2cfe2e3fb66eef05560559bfea0560cb8da0df097c35ae0e66149a9 3452721826 1493742198
c7edd25b69c98075324bfe2b9254ff4b50a0e0bbf2827b91ea03fe9ce489a0c8 911410582 1493742198
c800622438a7a7af90d166e75cc03a5b965062220951855be89344a5d01b2fcb 3236274800 3236279920 3236281615 1493742198
c814961c5ef3d5380e147299b179da0f7c63647ca5e190d786ebed8d20ab2e13 1746879653 1746879909 1493742198
c81c4d4406a9d24049c043a20201a59fbb98108ae95d3f727509584308e16d64 3633779074 1493742198
c823d7d8aff1c9315cfbdebd4416b3c6a725f156ce09a1cc1aa0b7a09026f264 2899907171 1493742198
c8511afdc6c9659b9dd78fb59aa146456c632e10c2c826b860400e7d9c47fd58 2538612541 1493742198
c870c1caedfddd716fc95a268cf954359ee2ccd58137e4c718185ba147284ece 1746407702 1746407446 1493742198
c87eb3fcfe3dc59cfed3723b00b30835ea8effb5e1c0db3cb32da8a5f69cc561 1746521967 1746522223 1493742198
c88d7d8e52f8e92610ceee1188442eea99a45e49ac4ac56cb4a3cf786b286f06 2899907171 1493742198
c8933eaf3b314ce142f412f95176ec90976c4d59d46fbaa46bef13170324c940 391911281 1493742198
c89f81b6ac8c2d0e1b72ada0cf4c7bb58b15458c330a4348a7cf5e1982d671bc 873619854 886241626 1493742198
c8bd2a8ba930b9eb51defe08eac0ebbf1e9874b4237a7db6ffd8de61073e1942 3459691816 3459691815 1493742198
c8c540c75d98f5ab91ff1b55f1994e841b262ba7093401baa9269c86089779a3 2225998596 1493742198
c8cb2d7dd08c4c5730edb52a7aad98e10d2f0d270ff2477e35acefaee2a3696b 1296780637 1493742198
c8dd7da608710e910918fce8620416dd55d2940d1240914c3f080d55e5057b2b 2060942986 1493742198
c8f2a286b95d7153b19884b7a4e6d9e98e76b15d29302c890798dd87d4ebeaed 872974771 840094071 1493742198
c913ea75e6bec67209a3f139022a502a27caf074e9e79f6ce4962d4135de192c 2204572993 1757449281 2204572481 1757448257 1493742198
c91fa680aae2969d6df7d928bf70deda0de032e783021e083f72ba5a5c1ff87d 220246243 220246066 220246145 220246146 1493742198
c95391511454d5ff30fb211bc4539b5885c130250f02ff3859f72277fafd0cac 2758058080 1493742198
c95f5328728e4a5f9d15dd2b37bfc3e677bc51fac6cbec91e2ec7b06b3c72e44 3160156238 1493742198
c965ab8c290bf67161ed151582c236f2479eb41def2ffdd59b54959de3b089d9 3519557502 3330699496 1493742198
c9a2083f33366df53e147fb72d433934e06ebf5f6e2df60ea6e903fdf0ff5939 2838964229 1493742198
c9b9130213d6cec1db9bdc964d04a0408e449f1b803d3d5968c551b2103a4e8b 3364374551 1493742198
c9bbaaa5df5cb23572c85b196737be2be0946e96fefc1f096bb152cf13f1fe17 3247562340 1493742198
c9bd51360322f3336e8e73f0e2c846dbd35254bc86e4c75b56cab3698d0352e4 400762517 1493742198
c9f34248aa0d571b13095e7a7761abd35cfe5d7e4264cecb1a1cbfdf1a491fa4 2899907171 1493742198
c9f3b6ccbcb4166d54edd9fa126dde88b5c69f1eb4e65adf1a189a369f300f76 1249227542 1493742198
c9fc3c240f4f693c6dae78be438c24009a71867e721523797ccc234d77a394ee 678631275 1493742198
ca05db2703455c5704c0c84fc9ab8858188f4b2479334d0b52c068d1801cd36b 1745894197 1745894453 1493742198
ca2ea041efa8a81e9ead08b8039af64a76dc147df9f47ae9674402217bd6e932 917314601 1493742198
ca4dc510ec23f39a56151027d29d968d7f77d3d4967b2bd5cea38afc4807b317 1745921586 1745922098 1745921074 1745921330 1493742198
ca512690a2ab9a4d505f8e79b9422cb60e8754d0c7fecd3173512455d1d6e21b 1746146067 1746145811 1493742198
ca6a3a8448b1e423664efce30848c70d7e47d6aecdcbd6a58119be610cbc8dd8 1596341289 1493742198
ca779b7c6e6c573280f5d03a905f24cddcb08cdaca27b53d1559af8f6782ad16 2420913187 2420912081 1493742198
ca98c401636cff9d0642dc4121d7b8683e8777f61488f0eea94dba705e51f109 3448753955 1493742198
caa3cb8c78a965518afc4412898bd17363afc8f70e045e7cc9b1c282280c6dd2 1746403655 1746403399 1493742198
caadc4b79dc34448b68d685d9c3449db63f87b510bc7c5d053870decce4f5a19 1746506600 1746506856 1493742198
cae1ca4da4cbf5aae04eca1d17a3aec69f4070a47f9b791e383bfded2a52ac85 1540857091 1493742198
caf3479094b85e3f8b7cbabc0ad3b15f25ea22347d2d134797f690acb7367a66 244115783 1493742198
caf3a7abc4ef8fff4b6383d6843ec31de3d0c8f226ecbabe441123756471cf39 583207855 885848286 1493742198
cafc6db631fb2e2657bf42c591e8897e63a28aee467d6bdff6eac87f5b992c3f 35036132 1493742198
cb007417c6a843ea5b2f3c64d814c831e5f1f41dc1910164311644deeda97cc0 918559729 918559623 918559493 918559540 1493742198
cb1324b96e442e6621e6606fbb19aa03cd26f022af8019f5521c8fcb48a18db6 1746141626 1746141370 1493742198
cb25d09a8d1cea43b5286536a2be242fca9e887f360c64a87dc87e2d9e8d1421 1751005553 1493742198
cb2da7591368112d00e83161617094f2f8a44fdf363e32bea562c47fd319ddae 1746156785 1746156529 1493742198
cb33c2b4b2656fea624b55762fd5971ca2ee5fcb7d9924ce2354acd9fe727f56 3365086233 3365102619 3369928565 1493742198
cb35a39655e7b76e34446bb7e3308fb27e25b1fb624f1795d2ff1ec93ff6c665 1746157887 1746158143 1493742198
cb451c8fc0cb18653737caf38359253c0f5cffb6d1a735ccf0d3c5080941af67 2047722426 1493742198
cb8f7dd58ca92cc38a159fed8cd151a141721de413ea2f41a3e8df8bb3491f49 1406026633 1493742198
cb9e6d229ab335da221c1fffb51751a4e482fee235adbbf0f19906b4d37f37a1 3396168193 1493742198
cbaff0d52e26b3a784043cf9fb55ece46882af0ed241703662c17facd9270f1f 1360218148 1360218150 1360218151 1360218149 1493742198
cbb1007615fe6184c25e057a3f5c5150fe7dad626253d525d2e02b4d0f318e81 1248979264 1493742198
cbbdd25dc5c5ff0e7fb571671935f0361c51c5adb5c4268ba29a6f82cb538bd4 2604150556 1493742198
cbc9244fa1df8fa85167f507bf0ddfb76a8f198bf8bedd37ed3c0e6eb0219050 1493742198
cbdfd3ab7cc4127a605c7b49dbc409433828fa6e8f049ea7e9e5857ba4e9d4d4 1064902291 3494364051 1493742198
cbe6f9f532db87131ea36d8b97e0534707af008a3c7a01702aecbf724e12f5e5 3323791154 1493742198
cbf2a77dfcc1263b84294173393ba18202198376a1392dcdbd6e7804bf6dc15a 3325457427 1493742198
cbf4df1c21877f224b2d6ad3e7ab75871f29fa1a7b11cbdfc403f1c3f69e1cfb 918559533 918559664 918559552 918559624 1493742198
cc096d0e9860a01dff136aa4fb80168b4e78f220b4f846921aa0429c87068352 3325199231 1760468169 1815998908 1493742198
cc0ba53369aed91c7778621295d48c3cf46236b78f63776ff52b34fea0fb7d7b 3531700267 3531700265 3531700270 3531700268 1493742198
cc31505f3850aef68d6709c569d494ad365aa647466813e2d80e205c888e15cb 2899907171 1493742198
cc5000739a9172e6f5a94c0c50be9d3791f807b8f1b7acfe3c532883b4dff3ab 1493742198
cc62d8dcf46104bfe7ee22a5b35b7db0602831a7062af7d87b03310351b7db13 873796638 583848371 878091939 911782368 1493742198
cc6e2ffa62ee3bbd5784fb0cb27233f819187ab3bf311bc18b78742c6b037b7d 2540011695 2540028079 2539995311 2539978927 1493742198
cc8908349694ffe7a6978a0290876b13d65d9241b3c5697f18d2addb34caea09 1745998885 1745999909 1745999653 1745999141 1493742198
cc8a75823f08e5db67214a37fbeca726d1b39899f31ac00ce6a1295912f5a144 1317842066 1493742198
ccbfcc1a6af5041e560f737f8f251831e4c45c6024be0469de133f7fb3971e1d 3427780040 225121736 1493742198
ccc4bea7997db7172a3bbd663489e857c842b11c3eb90f2730bbd5547879f8ba 1746671648 1746671904 1493742198
cccfe6a43b4967a6601a443c2a4e599bdd0fb93e6b9268eb1b89ee97bb3a5231 1746430604 1746430860 1493742198
ccd31056a7f57ea0db426977979edc8d9f65e6109fef025da8c4f2456e9454c1 1986396535 1493742198
ccf22d6a863562d7ac57e7342d8bf341d856313112f8ce6bb32548b74f37da0c 3275637716 3275637714 3275637717 1493742198
ccf83a89cbc95cd00e70e40ea88eb905d516d319a6f0d1ebf8dedfc5d9d00fea 2067322844 1493742198
cd11f94a47927fd098b41df306679b8fcfa05c9ebad0af400f99d8dafd603193 1075765428 1493742198
cd9340d24c23833d600346cef1d2e5becbd3428d0d9bd82e0118f13b93494e86 211410966 1493742198
cd96b3b17d284ffbee295c98b846cde34f218c5efa5a17f24b336c2e7af4f84d 2745605321 1493742198
cdb77057a8ab2415794ca14a003af676cf98fb4b896e42f4b659917d889f0261 2685493958 1493742198
cdc6920b9ef4aa565ad8ee9f3da7bbc2a8fa6f369f30daf460cc6137261349b7 1613583041 1613583217 1613583337 1613582874 1493742198
cdcb796418bba76076109e90002e5d2ae4ae2383b95a1e9286b883ea84be2d00 3559532186 1493742198
cdd212403b4cf08139e06137e7769eafb2860bc24dbeea482260a511d35f69e7 2604675382 2604666931 1493742198
cdd6c04b5d8e09a05f65c075b1f62b8650ba56dafe87e8b914766fbc35e5cf2a 917491102 1493742198
cddbecc0ceca388cbc90f3cc1a3b070c4cc4d1c781b21f1ccb704b790014cb35 93357458 1493742198
cddf3216c8c1e44653d520080ae2baab5f0fe1b75c0a3ecfeddd74e0ed0ce5c7 1600404054 1493742198
cde552c3cd227c57447eab4bc50d910726d53981607d9c6838afaac1955881e0 1602457313 1493742198
cdebf2091ab103eedb7e206dc925afd701f4ed26277fb20fe3cb3c444d2107fb 1745944128 1745943872 1745943616 1745911873 1493742198
cdf01902dc74865b319d33563eb35a385ef9dcce31560f5c738f0bc83e264f25 2509940598 1493742198
ce12e5de6aa70f697d69acd1bfbaa94b628f656a3fb2c8a99cb6c59790f44100 3002728535 1493742198
ce195de6c6e48c96e9f465c3cdcd13df2983f7e5e13d70b1da80b2359e983522 3158887144 3158887071 3158886948 3158887142 1493742198
ce1c17b1e152af8fa1dd40556dcabe74d27e5411033a05561308c810f0846bd5 1745905588 1745905844 1745905332 1745906356 1493742198
ce2728b2bcd1a68475389daa6d6634b13baa0a53d9f6b22c49c0b9c5c32cc68b 2899907171 1493742198
ce50c31c5762e8c452a86e02a7a2f1c8f2696a7c4994c83f08fc3c212c3aa7ad 1746193156 1746192900 1493742198
ce57c6acc9ceecfc611c8084a8a2b4de69986f272e78d423de7ea9e5093bec9b 3633458698 3633458699 1493742198
ce688bf4e2d465ee47f8ba32caaae7105f20266cb5444f6657ba408fc8195583 1112348289 1493742198
ce77a1a7ad6dffa13014f68e78e3adf9bd893f52cabbc5463f7795d74e8f1355 921640968 921641512 3001812754 1493742198
ce90bd3fdc2979c857b231daac25ed78062f7b46d6ad0055cce57e9c84fa3ff2 2499498780 1493742198
ce9bd1c2768d46212794a83caa1922e6b478d119eae6cb486294faef34fec0e5 1572566277 1493742198
cea402539a6d6fbfab31614c66faf9b226795d0bec6be60f4c3283accb05add7 3024926559 1493742198
cea708555a1e335afed6f613611be2789c38bcdb3771767f4637f3d206ea9210 2156560738 1493742198
ceb4ca2cdc0001b440455df845c18fc19310a3d299f79802848334db55ba283a 402491215 1493742198
cec4578186efd6b1cb17e8160a45d51092998d2fcb467934ce52cd929fe94f01 918944033 920512975 1493742198
cec4f53335b668413be487d10d598643b728d916e537454f53e95e9f7af77381 3233925250 3233876072 1493742198
cedb79d3c5dae9841a4a345a76ddd7d35f1244628a705f407e7f51b40ca1212e 1746470152 1746469896 1493742198
cedd88e875a65fcc20b493a603b501ad8280ef0a9c64c14c49309ef5bb96ca0c 387308789 1493742198
ceeb00de132625565ded3f5ace57e9069a465ee8143bbcaf7eb8ff12995da612 1746166300 1746166556 1493742198
cf282d5de0d0086793068cfd70ba0ceba92bade7240d54c8b0d8403f00a4f410 1585236054 1493742198
cf2cf655447bdd9a6ce692c2e6d313667831d922eb07aebab06dcce6c1aab953 1607852894 1493742198
cf77b1d06b1a55d3df104bfb143c22da2c0229082ff689f8c6aef6a19ffc95d1 3104695373 1493742198
cf7fa2cb7815f192c1c526e216818208ec527ba20a33c5452d7aea4c27308120 1317842929 1493742198
cf8865a208b1d7f8e42686dd35f7af1d9545ea7af08fe1215b1e5883df43b9d1 96742572 1493742198
cf8d1e0583428b8ce0862b10f3e2bca00e3087ca6fcc7653dad32dfd701e4c69 3165047621 1493742198
cf9f6e75c7ce518b568494f8336c96dae0c4c3603e410483778e83e45986979f 1746486386 1746486130 1493742198
cfa860db69dbd177a8a28a08755fe59f591185c22ec11cb10f409cea74bf4644 2899907171 1493742198
cfa87c44856ba71b28fb0218645340685e6655371a8b19f7cfb085be7b1a0eed 845256028 1493742198
cfb0ab7b458430ce4540d858d4588d5546a902397f660a719efba5fefc6b5df0 1745934301 1745934045 1745933789 1745933533 1493742198
cfd9d3b4f8d940a3715fa7c9c67b89cbba8dea0953e3842c43d6ee07578231cb 2540011919 2539979151 2540028303 2539995535 1493742198
cfdc0e5492f1a601f868a4aa41b11270e8aac5ba44e6e8d5bf1d03698bcdfc78 3106235514 1493742198
cff0545cafc4d60e8f86f51010f13347d9098e33bf00b06c90937cdd04f7cd43 222371748 1493742198
