Version: 1
d0173bddc13c09c2bcda127cbd395e4002902ec4a0cff42be5671e992bdc6c40 3231060085 1493742198
d01d980a7a3cf9c5d5e4d86546803286dd1a364d33bc947e958300eaa8afd1be 2942518286 1493742198
d044e376119a7d36d524352158c7c78fad0252f4fc6909f0c3a0d500d6419440 3584983812 1493742198
d05f338ef8bdfcbf44b5eb457243a6e0ffe2ecf96c126e79dde9dddc8a393cff 1223256378 1493742198
d07efa8b3d9fe0f5ac0a31ec44d5ffb72b1698728ab780acb37143fb8bd39339 874369134 1493742198
d0862cdffda626c579f05b56ff78454467338af83bb6011050ee60c79fa922f4 1493742198
d088393e4f88cb19fa8634b2027278fcb16ef48454c4826af8d0cb6c2286971f 885529510 1493742198
d08866dbb0bd71a6ecf6c7b3dbcdbcb5f6fef398d12b484dacf32acafadfa634 3286338254 3286338292 3286338278 3286338282 1493742198
d090016f4f18b5bf7c825181fd985f3242fad9e2a699c1238c6a160b40a50c3a 220246249 220246167 220246265 220246216 1493742198
d09994e68d8024b850582a6422db810ac65316d6f57220e494a8952d8e395033 2038254662 2038254681 2038254692 2038254682 1493742198
d0aea7d3c2cf4b713e6063b6f52b2ec6c1497d3fb14fa6b3c16623e7dfd9781a 2155253362 2461667089 2461667385 2155253353 1493742198
d0b74f6a164027e8eacce70438b6a78f9fb1cf17822e89cde8827d5e0d91f6e8 3267059736 1493742198
d0b96f4152cb3befda6cf9056430044b55f5c5d241e17a42c9548024aa25f5fe 1796647139 918943940 920731766 920518426 1493742198
d0cfd6ea34610a7b6b06171187a9c6ea72ed99dae086d9ba95563edb8e1640cb 872366922 633047363 2513096291 1493742198
d0e3779d3e17ec032f9d1910acc9260e914b0ff34d23fd8fd315fdfccde4f66f 1751920987 1493742198
d0fe2118a65da5bb0316f6a23883fe4045d264d293c508e3b12763a4254b7707 3135947956 1493742198
d1009911cb949f7f1c3497e91046a5a524687046f84d49656a13fc50b34f211e 2972651987 3142869190 2972651984 3142869203 1493742198
d10407ff7841d6906555e4bf9ba581eeff8af3beda4e90e990d20096db3fbe0b 3427676717 1493742198
d110d1ba2322bc4bd24532a67d3fdf825318eab79bb425b57843aeb936527843 3031670862 1493742198
d1255aaa10bf80fe6d8c3be2a9c9ce35c38d95f5db668cfe944f73320d7fa0f7 3108141094 1493742198
d1592c9d7647b0fe9bb471b738e583f1a883157d0f72e854c9a597a6195ff12c 3561841725 1493742198
d1793281fb61508ee38ab35f984a4687674299060e2ce413abcdc6d3c93ef07d 878033334 1493742198
d18ed18b62a9d1a1b640a267836fbcc541bd6b3ce103c884bb95937b32bc274d 86243920 1493742198
d1a2f0d9af9797d19ccaed432d084764e09ea8d1f3d8b7fb8a75a5638bcfdc72 3394714980 1493742198
d1b28815f0235521472918315fd5bb753ba71f4d76dac97376f6f7be8a1e9145 2246917228 1493742198
d1bb9757802797eda6ac4dcdb6ca2f0db19b484688e29b3765e5f8c36199a39a 2666007671 1493742198
d1be5e32226fef5f2b6431c4af9993298268c44a6ede404da5c2de7cd7d9e13b 3415674280 3415674278 3415674279 3415674281 1493742198
d1d1a22616e129ff49d95902054cb4f5bee7910ea35b42976f9ae17375e55374 3327248386 1493742198
d1f5c7d7854e40eb1eced2760b62efd49259ac7f4284258a1196e4841f604ae2 2899907171 1493742198
d209ad98c0df5f937b2c9cd926a2e844141a2b670086d4f91fc652e95e38ba13 2539995399 2540011783 2540028167 2539979015 1493742198
d22cfc7b5a7c16e495dcf718d296d665305685c35392fe4fe139959a19e24f72 1746529827 1746530083 1493742198
d23467336bb7eda3161b92435a73ae8e077144aa28a657b68d9fe007b6af39ce 1746637257 1746637001 1493742198
d2409c910cb577b107834a107e9180c82ade2951565ac6bf1c811e40881b8011 3392801926 1493742198
d2775d08095f0244cc086e888af649e07491f6fd4933bd35b7e4d2a8ac7f4933 3392473120 1493742198
d27a59b89b5e98b5f0667732f4016e61334d8de0911f379196e4b32df72c48b8 2226936964 1493742198
d2843b4f225d837ff93622428a17670f23f2ee4a2db1c8c2ac6a2d444cdcf43e 1746485512 1746485256 1493742198
d285fc5017a887efc447526b9193c2ce8f6359bfb97d59020939fe036102d85f 3448781881 1493742198
d28f87f5c8ce715b253ee1db746f70e46c097f44adb50c54a98bb4b7d62cc803 1755039489 1493742198
d2a69a609710448e5bea19d03ad076722d0478cd64cfa0d3ba2ed1a52545e432 635282389 1493742198
d2c33b25e6925261eccee7cfbb5472d1b0be32178e8574dbc1be11f1bd8fb7ad 3514755982 3514755981 1493742198
d2c602c8c0da60b8d5629fb4df3dc8df8e7fc9ea4bdd8d82845464f301699871 3411735163 1493742198
d2cb5dad64f305d2762d2cd908bee211397d65b5f40114528a221cd832ce8390 872295690 1493742198
d2ed36d7ea21cddd3309e0a89da2ce49f158ac2f1e22b9e7bbe3a5f000efeeb6 3114629890 1493742198
d2f691e5d13ff2af7418d0cfb0d9d96d4769ad111d89a5e1b3c356b64457d648 1116197764 1121170923 1116195225 1121170708 1493742198
d2f711dccfae1754c7a85c5e2942b4ec696fbf8e2c7e2cb468beed13a9c27b71 919675415 876055270 1493742198
d306135d1be2987703b63a6a40f0d694555e924243e1e869deea27f57675dcb4 2156861007 2156863893 2156860771 2156860964 1493742198
d306ecdb5f4fc2045e6c5007cae14509c75269cd92d2bea0ff92625d2573b0c6 3642006687 87889669 3642006330 1493742198
d32aa028480134f17387974d13969b29b89df6f6d13a46a67a8971626f100ec1 35035210 1493742198
d339980b011c860a2a4c074ddbd1f0975a7f77ee621528d347f4c0bf320b6049 1091690850 1493742198
d341169833dde58f233def3e5ab6701c19265f769477ad832ab7c89dac5b8ba6 1746148273 1746148529 1493742198
d36efd1b27d67fa42938e47a34b0ff90b6823f9f33e8479d62f5413867ab5f57 1540307873 1493742198
d37bb52d0dbc89ee2ca5aa76c105345add925c262d164ba2f12dab8185b10802 1075766380 1493742198
d3a3f9918849092f7bc2f925a156ab8fd12669cdaff712cd66265a3febab21c5 1602271056 1602271018 1602271014 1602271015 1493742198
d3a650da368704afd6aee0893d4a5a7228230f572a05ece4476fdc7db98bbf51 1600403249 1493742198
d3b68454c9053467743d6d6e6657e0dfa6461d025f41198d72d075491a873530 845255916 845253891 845255915 1266549796 1493742198
d3c9469ebea17cea18657f572b831013e465801ff170cbaf65b812c59de028e9 1493742198
d3d13b0b4e1797770acd4925780209d688c28e880d67abeeb6ac98297e9f263b 1732566079 1493742198
d3edf637ee7a07567dd8b37fdd7eb9aa7ff29c245b6bc1f9d5410f9c08101e1b 34921157 1493742198
d406df3f87be2934dfbcf5e82b11618f91de2c532ddf7f89d068671bc1f3f04b 3164929811 1493742198
d4073c78ab5cceb25d7426237a51bdfeffa7b2f4f219c09b5b41ebe9cc2c1b1d 1746474851 1746475107 1493742198
d41a775075d3ce9b062cb1a3960d203a1bd4a9da2872c16628e689dc4392fb02 3391613716 1493742198
d429ec44e062a745c3f6a4af56681b88e7219a52413b1ab3f6db076ccd3f556b 3633725886 3633725896 1493742198
d443f85f9a15a956d0bacc4ee5de32501c0e8959f9a4b4ea820f3b6bda34b610 920770790 921935437 1493742198
d455eef837e703067aee37caeb006961fa5af6c9a25e83eab408aa8d7ab2c3f8 1078229453 1493742198
d482d9ddaf9bc30ea5eeadad01a02188f861ab9eccfe141b9ac9d42f63a2ea98 401285576 1755076040 401286600 1755075016 1493742198
d484a6e7191354c0581dd3008945ab01f8b3da8b82fdaddd753d7dc83361ee5c 3098074403 1493742198
d4999cd805ddf134afdc2423e699e89f74c2b1d8095f7c44522d2a82480031fa 1493742198
d49d904ac511c66b8cf2af7bfcd30962c0f2589007bfe5f530acd7951cf8786b 876008013 875987720 875974272 876012334 1493742198
d4a0092831a4e3c0653ebac57850a8e6e076aefd4ea8a130664b2f6154afeb85 1805317924 1805318180 1493742198
d4a344cf86b457b39ac2158c16e67e8778f761479a8b572f30c44dd0bc5e6dfc 1583676170 1493742198
d4c9d9027326271a89ce51fcaf328ed673f17be33469ff979e8ab8dd501e664f 2899907182 1493742198
d4cd607e637ae89af2e94be426fe4a3143be123860a06665f6d63afe6d6ec199 1600401439 1493742198
d4d6f0f07150ae3504a34de1ee6d600e8a10f6fe693eb7aa0a97966d4fe921d4 3489320206 3494903258 1360368866 1493742198
d50f7a43292dae41fd60d5c8d04cff3a5aa42cb6333856b10db31835497ea1c7 1360220680 1360220682 1360220683 1360220681 1493742198
d515ac8f2696affb0b81cae0f6377c7edd9f7621c7ac1e3159450cd32b434e66 3221245449 3221245457 1493742198
d52ca86534293f82e5856ca6b1d8b39e7f5eb1b93730364ec08520c3caa08afc 386595081 386595121 1493742198
d5317ba3ddbe65d62ec7c952e122ecac1aae1a7c647fff3623aab74991e3037e 885435645 885416529 1493742198
d53935a04bcca9f36b622191d9217ea81a819d56f42fa23681780c72a068a647 1746410356 1746410612 1493742198
d539eaf8f2a215b7e10567eac6eb3b1683d3369e1c5bce75a6925672fe3467b3 1396875779 1493742198
d54d5ea7502c84c1031da5291241276f5604281ea338178547da0d409d42f73c 878126265 878134225 1493742198
d599432ba398b061d20b65f15fd806409771d86d10cc32576e96276bf194fb58 220246167 220246181 220246112 220246115 1493742198
d59bed459872aee87c7c4b3369207e1620e6951b50bd7b447a920de98d22da37 1746174491 1746174747 1493742198
d5d50583ad4341bd6666b313df09ee1653a3f863d622d0d31dde8990441b1379 1745897548 1745898316 1745897804 1745898060 1493742198
d6173cf00d1eb897e3a07b98087e811ae398af71a5d638fb5802a6913c9724cf 3585000618 1493742198
d619b8039b0a7eb827ffbed6f99441f4086fbcbd13c1c45722bf5788024fc865 1542163604 1493742198
d637dc83a9a823f707ceca7d345348c390ef22b722752c2a23e8264d6675961d 3519584454 1493742198
d640e8b196428e4829bd994137d66714652785323ec7e2008c894567be1506ea 1049231714 1493742198
d64c15b32c180e6ba0bb6aa1122ecb892f2d832684e57a882d1aaf297919fb5a 1493742198
d6585f48e2c46c6e4fef09d44d19bff357935529ece5968fbdc36b31ccbeb2d9 911598684 583397290 583235157 1493742198
d6645d0a2d419ab4d33636c08989af3134b3f276799b48dd0050de521abd6921 3495465266 1493742198
d6656df145a1503a9b415b83130353852bb4d86cbd105c2e6ea248793e5fc5e9 1174163531 1493742198
d67e2e6ad705eb3bdffe33fdeb2bd419463716d80a0344425d842d6d08bb5440 886065361 886113245 911029693 1493742198
d69d5db40e683be5ab944b6b7930b2735a5d4fa7da5271ea1c6ec8d47ca7df76 2813668936 1493742198
d6ad6df5367ad3c91b11f34c00ed222fdfd9404558275ce078fb1f3daa7a5b9a 583933289 873763034 583483582 885557780 1493742198
d6b0aca2671070c3f9bdcee8dd4ec62c9b4af01394dfcb29c4b08d7aea5fdf3d 1760556304 1493742198
d6b2496f6255603fdbab3c55ecf08f40ce5009375a018851a0e2e88fabc4b46d 3423199243 1493742198
d6cdcb3696f207fa33a7995e8d83a679537f72c1ce73dc12931bec9dd8555db9 3344139315 3344138291 1493742198
d6d317018a5d92ffc2a1ccb148df78b807eaecefd0686e03ccc97cf2bef0e7dc 1579090000 1493742198
d6dd0b54c6fd117669ba92f33a7f2034f24cb6e78aa040297b940fd5d5f3a1a6 96141690 1493742198
d6ead13d6b72e4adf63647d536c0bad5ac1f7fae83f89788b00ae999d79db23d 3283156909 3283156912 1493742198
d705d4621cc4b433ba2f49901fe78e54f8abe2d3051d3509ed692af37e1b3f7d 3526562243 1493742198
d70be69eb7661c69d6469c359ff86c9c4f17c7e89f203e5c84c92928f23205dd 1040454401 3281665384 3281665381 3281665382 1493742198
d718d21ec4d3ac4dc357867b12e1cc8313709ae350e407f8264f09fd73810ab7 3563238142 1493742198
d7342c2c4a5dbd07d55ac84c66b8864ae4f1370e97d1a6173f65f7821826e357 1094116020 2637730855 2637712134 1493742198
d739c20d5aa5273eb3fe7e0f0bed66b2e7d2cf707ecfd44942865e1e86697452 1600403079 1493742198
d764b89e70aeac9058e6ef9e16b3f1256f961e3b6673d91a21be730e3d7531d6 1746517765 1746517509 1493742198
d76685fa62796e90b860c5186cc903c4ae6541fff77ca709e7d95d17065efe0c 3509593006 1493742198
d77ba4c2b05699b6a9b7226382f6cd583486f7721510b2b29eb633736fb2b7b2 1083619205 1083619339 1151887537 1083617587 1493742198
d78e09b8bd23aa991f5c6d4b82e33b362df857e14f920abb0072fb8d17f4126e 583395658 583088746 1493742198
d799e4608ab4dfd3afdfef4339b1b1d06b14c7742a21879aa6255e903ca33de9 2861718840 1493742198
d79c7f90c07ac64e566ab627e12cbbfb21d6c954069791986acdc97df06cddb8 1839806457 1493742198
d79ea9a4334d809c2ccdd4ea1b8cff360669d68058acbd981f2231c6cc2849df 917487141 1493742198
d7a25302f0020531acf7a1099881c5499ef2d8a4ef4c434aa5e6a1ea9ece0f4f 1176915472 1493742198
d7b824f4372bb3451701af40e8055d08c1f6e398304af3d61e49a007325ee17f 2755248190 2749826134 1493742198
d7df1f4ab7795cbb79ebda484b7db7736e9cd708e34db8523fcfb972816ee578 1746648316 1746648572 1493742198
d7df378f28eb2c199413e3c9a7006d2bf52809dac00140123e4801a64be3abbb 1746486796 1602398900 1746487052 1602398899 1493742198
d7e164208759396d304444f831077f66d8f52964583fa3675e0c225c43cf9328 1493742198
d7f454e83148371792044204f0294c7c1eaa5c593964212354168c43368e2a40 3512098255 3512098251 3512098249 3512098250 1493742198
d7f88e7c5c806df0183b154973e910dfc673636f00826c6b8e8edba415e6d84f 1401689443 1493742198
d811b8bb2be3a5d309dd67d74acaf6dda858cef2fb8705c32f4211b87c8357f3 87944994 1493742198
d81d83986c6baba68b1d305915cf43ccbff62a58f30a16fbaf400abbe4d3ea6d 1746517765 1746517509 1493742198
d889ccb62ba80877be78c9ec6538d6163758be500252117ca04895516648b8bd 2540011987 2540028371 2539995603 2539979219 1493742198
d8a55a2e98b4c9d0584987c214305b16d89ce988ff3a1d80b3b68416a7a0f67b 1311659787 2420919025 1493742198
d8a5d23d70201683ba9165e0f3273b3b349e1ebcaa0a0ae47dab554e648b79ae 3394036788 1493742198
d8aaa6c2d41d83cb37aba6eab2db067fce5a28c0d68a8a7e5274f73fabce1b59 1117479232 1493742198
d8b9c001d5534d4af99b05012b9c8c5b2e915e910368a9f162f2d9840f6c9a0d 1746517622 1746517366 1493742198
d8d1252a7888550f5b9225d2235dc108bb12c0912136eb3408eae38026001f39 1984153631 1493742198
d8d1a3cdb0a1360869099260947f5b08a33e8a6018475324c17d3fdfd0940519 2297645000 1493742198
d8ecf352ffa86f1863f6f36b8ef5008502d875444d6f016ab51ef16d1dbf7e72 3339754571 3339754507 1493742198
d8f5a567071c9ae3c4c59e4d3fabd219fec2f614f681f8cc6de4a9680c05dd8e 1541711407 1541711744 1493742198
d9057401ada9d6b8b76a44c25407837699d226520e37f4b8b6ce16e45fb17ec8 3280650774 1493742198
d927bed9c648be8dcb61e4ff61b487746df4f53ab2ec1e66afdc3f81481d7a9d 3107068009 1493742198
d92991d602f0d2a2a8ff446ac55f429dac4b6f2049176676037316f41e414696 2042439690 1493742198
d92e366bf9f20b4a2d38dc652721d6819f75432b0037458cfa16eb29ba64e032 1746499696 1746499440 1493742198
d93b66d54fe63ee5aa6b70325e8d7ab8d1c03386fd388136335770477888238b 1746427906 1746428162 1493742198
d95166f219045c9ece58a501a67fb0e21b03cbaa3b0bdd21692c548af8e1cf31 1121165836 1121170811 1116197172 1121165398 1493742198
d953f6e7679b5b60420c19dd5199f07b9be8f61b7826ca9751bea90b7cdc0b2f 2499523342 1493742198
d95c34948e1635a98e2c037ba4ae788a9d56c46d3c3874f9d1649e9fb10e4e68 1746884670 1746884926 1493742198
d99b534533a72cfad34846b0fc10a37e14d8a72ed7a9fe0dc4c2df0a42083ac7 2899907171 1493742198
d9bc33bd9d8199dcdc7be674668f18d908adfd3c435c4db09f35221db800ad7a 1074068001 1074068000 1493742198
d9c67417680664829ad43b62b2b74fe218b30411367c067ac2cee45150f20973 3663519059 987582067 1493742198
d9dd827b60077a0608b85f072a16f3b741c964b136f43176cf1b5cb0ca956d11 1493742198
d9df0766bc431113f5e80c4943d9e6e3779e8d7b8f63b67c37b4a30fcd79df5c 1613583324 1613582924 1613582990 1613583118 1493742198
d9e95414c029181dc2a1cf1756bc7630f0517a81cdd7a64f220e8555e16fcd0b 2270442503 2270442502 1493742198
d9fb7250571024f509de749f03f5b8316b117f40ace85fa46411e325723fd051 1613582951 1613583326 1613582998 1613583214 1493742198
d9fd2ce01d06fd5fe3141696ba69568d470c8063d37c41d6a2dddb47ec780b90 1760766970 1493742198
da1d4f09ee16eaf5242e615bbf237ad10769b38874381d46ec0a16f66e80925f 3223396148 1493742198
da33d91f46bc40b4ef61b544b26661f43a8628b7808ae91733acf3dce776f15e 3699537844 1493742198
da43b386b48172ac1a63cc0ada2e0cfa180c558583ef1d608dde8b286c8229ff 876745743 597331223 1493742198
da4887a09f747163208a565d16f8dfcdd8423feeda622b78e0e97672aaf6b812 3106668559 3106668569 3106668579 1493742198
da6b387601834350b994a8987a94793c555e91faf9322c0d80025dd45821dbd5 1539747520 1493742198
da8ba1b225dc573a3002fa032f8fe79e9320cc11d1f4b86a91f8ecac9948f6b0 2001816654 1493742198
da8e5e6145e704307debb45672b0ba607200dffa50c16f1fdba97755c1610c3f 399111398 1493742198
daab254ef8a0490a11eb13e68d09d34dead5a38faea4c2b185ae6c59484ef29e 2147625482 1493742198
daafabafbcc89f4fa3ed4981aab4b6b7a32f3f72293a715a6c3ed78bccfa5375 2459187113 1493742198
dae39b22e80aa4332bca37b5cda353c50a127e4994f54bde55f1d03de1d35c80 1746405958 1746406214 1493742198
dae8f0013228bc9ee8eafd1a5899b4522d1b2c034e8cd7beaa93268329fbd109 1049809494 1493742198
dae91d34546fc55e753ed506d83141ffbb1df7094b8b651c2c30fa0cba548383 1317695523 1493742198
db1b8780bc65606306d55ee1f3144eef6bb7bf356aab16c4465ceb47c4cfc09a 1500278854 1493742198
db32580d0efc219f6f93e6da93f14522ef82e407fa64729445c20456e0f2d302 2899907171 1493742198
db7a9e57abf934ef64111770f4794533656bb17ddb5f0d6c21ddb281368bbf99 534680900 1493742198
db9a1e53dc7436e133ec8f46e2d13126446e3efecb293d28077abcf11a02732d 2928299829 1493742198
dbbef39f5f3665b4fe448cc8d161689225e918cf8e9c6b1c3d9a742bfab93751 1493742198
dbc4117877190d82db30abfa7b42f81ba5b5cc1a6b24c741c0cfa23b706e0b0c 3339697298 1493742198
dbda615885e4dc4e0ff4e64fb46acac83ad7a76d420de3c4117ffcb1b30d7f12 3344664691 627239027 3344664947 3344665715 1493742198
dbf4b697bfca9c0a70d4d8acefe745852cc20b0a5e8f5ed66d3c8a58e0343d06 34918762 1493742198
dbfc1e8d57f49d6d10fb1353eb1543e79cebb2847b041609279597e1e017870f 886628394 1493742198
dbff3584a38721432320e879a95b4bae4cc0366c3bd9f20d7a27e0de25f85564 874845990 875212198 1493742198
dc0ca5992718627fe48047845936258701881d5e32cb36f4cbb9fd6b7fb7f612 1806890073 1493742198
dc4dbe50f2bf76c531927daa063c5285942dabcbc49abaa926e3ba3f6c9e4f67 2758073927 1493742198
dc5d5bdd5448d6f23fe4abe4cd7404a3d12c3af6cbea327a349e0c382a69ba2f 1602275754 1493742198
dc621d6d3df8324f2b087836e4f9b557f33f31a41ee8d37aafbf738849c7d4f9 840406828 840406830 1493742198
dc6916b806f4c8b1959132e0d7629026e96bac359e5edba068124d78ad344e7b 886714682 1493742198
dc6ab5f2802a682f58bff3a2812d7ae8aea383dbea35887dfed42d3c285bd6ef 1137534536 1137534546 2928561252 1137534553 1493742198
dc81de607d05e30ddb6d8aad07100d63a40e1f95a6f6b488754a533663d36faa 1796731552 1493742198
dc923b208d7e5c89da2cd30c3eaf914325bcde299d1a43db563032aabed02b0d 3110170733 1507467000 1493742198
dcd46ea1f9182e6db28ec5900200038b423fda60f2c823ce14d75736f0fdc2ca 2712335574 2712336598 1493742198
dcd68da99861e6ff38285429b8b109ac1b7dcf5c5491cb1b36819f32eac3de37 2342656548 1493742198
dd15c25fa3eb06ab3ea29f47dc5a11522e204770f62bfa8ed10fc1c0ee486485 3633458698 3633458699 1493742198
dd1d33fe8cb33843f5e5dc2deb6eca60a9d723bba97939e67f739db18202abcf 2899907171 1493742198
dd1e2d9b383217244b0ab5b9e94a66f044ade6db9ae807e319238635f8605d59 1535619278 1535620302 1493742198
dd35d214a80c2388682d28d9af5a82abdce140ad4f1aa76ce97cbea89a7b9606 3115531778 1493742198
dd5272c83fc958f156dfd22699f3a72f8c7e624e81c8969036de8a0c2ce39dee 2927697242 1493742198
dd763711ff4f78dbe1f634c59c625c74a4731898f6c4291c303f1819786b20bf 2539995513 2540028281 2539979129 2540011897 1493742198
dd77a32a4e2ce323ad9e9624ac54beec29cad027f892241897cc844e0756e94a 918195668 1493742198
dd7a8476509797798032aaec6d651eb23bcc9036a9c8d2be9cf60acbe6be59d6 2459192299 1493742198
dd8c34a9ce2a8bf8b707d36ed624bab995ce9cd964e5725bf91c73002cb47eea 2954914994 3001812722 3001812964 1493742198
dd8d5a0e8c2bfc36bfb546704b0710cbdbf4a400962ee767d6820220f0006041 1757751982 1493742198
dd9897f88acb57ea68fb72ac60e96e1e8627f2f5c55d5a01f986048e33b1f35c 2922269432 2922269391 2922269434 2922269390 1493742198
ddcd3afc87faeba6dad4a656f9749fafe8a6918e4bd57a74eab9dabae50d4011 3495337561 1493742198
ddd92237506a9a1f85261330948ec915c6c6a7901cd15e487f19a3e28c7defab 1746633323 1746633579 1493742198
dddb8e7a6940b6eb0df5d2698f196c70c4dd3399879f3db74c90fe95eb8df4b8 3283156903 3283156904 1493742198
dde7649caa155851c403b25297be277c4a56a2014dd1d28054e6a9bb81caf481 3350562042 1493742198
de12c18790faabd1a29f29dd45c007cd9479d04fb6852fa14d5754d2843661b0 1746170642 1746170386 1493742198
de2cc49e9a015f7707fee7cd4348f1c45519e2ba44c34c07946f8f4182a38be6 1746635035 1746634779 1493742198
de745e75ed52c5f449082d4ba1c2b7a589153db34a20cb41cfd017010bf11a52 918601847 918601738 918601897 918601835 1493742198
de86d8d1ae9ac2db107db6f18f770d5f80900e830ef03ceedfe56c844797316b 2499517078 1493742198
deb113674863c9ef86ab5181487e8226267f2afbc51a92daebd722a6f5237e8d 3405255562 1493742198
debaa3372cc7dfee8787d3f78fc05ed20ac157e6921df81c49e3d8505cbe0a3e 586782812 886197512 874480934 1493742198
ded2d721f97eee59814422c99837d48890bbe6da7bc3df1befcb42ad3e21224d 2540028229 2539995461 2540011845 2539979077 1493742198
dee95da424e69aa6783aa9584b2d39343374d2c9d183f20521436977ed6bbbfb 1728493076 1493742198
deef80bafe60faf92244b67771294930f0f67a3842bb60d35668b4d8d6780e7f 1746147794 1746148050 1493742198
defe9aa0676564b4f1243cb3a0b3ccdd233147907227cc506d9a24b9284507ee 877195224 583494718 1493742198
df0757e234728b6133d904c26103c755f8bcd1c0092e541c2aa36897841c5bf1 1600403142 1493742198
df0dbc2b1f752b2c83edb91eec0f8ef91b56015658ed93b1ebb2605bdb061e12 921129266 1493742198
df131da75ad2f77360d5e6763b918a8209fc04ac521dcecd66c2a34d314024a8 2420944551 1493742198
df2b60c99411a11394d2c62f82ff3831fc785b94a934c1d48f6bb3d46f9ac0a3 3220947906 1493742198
df2cdc9e23957a97bcbce6f162fcf2789cbd8f97b5782095ca6d9618e75e1ed6 2539987375 1493742198
df6f2b6398616069aa0df5c26e8e6a0e47c7bdd5125203a5f957e755bb3b0ba7 1600401948 1493742198
df78ed6f24298a13145dd62f70e71c3392440f4d43209fab756211e195e204d0 35035882 1493742198
df7a7de7eee7f5c7224250a86b28399776eba20e6ba612196af96bd6a5c68e39 1163479632 1493742198
df7f2451fb1b8536bc2300eb9c513d9a4383c7adcd6c2b9a3642672264f6120c 3627734052 1493742198
dfae90147aa1a56afce6d96f773e0dd6add31f80ee3695d0bd7f74601407662b 1358692604 1493742198
dfd2077c04e716556fd8a024bd8c5a5439bd64908c4b2fec01c7d2a4d35f8f4f 1746472821 1746473077 1493742198
dfd671405688fbd86482463c59316bae913084666b55d19da87d79dbdffba1f1 1159694341 1493742198
