Version: 1
e012c7b3ec7ab8a19c55bc6669bfae826b47b7a6cc4dcaeec8ea0dd7ef5371f8 3459689249 1493742198
e024f402d81c35ee143d64bcdbd6aad384ba3b5f7912e717035b244c49f26dc2 624584619 1493742198
e0498775cf0b68a5e30a263f1989692150b3ed3e06e449041706e05e8053d7c8 1746159405 1746159661 1493742198
e05e721f10a90a1c30a97debd9032915e8f1b0d6f6cb1ec808415842ffe6e7a0 3584990664 1493742198
e08f14a5df47e03900a72c3e0a6f7e99948ff0f86fc79016008cf4b3b74e7600 1493742198
e0b66f5f643d09da41844be9a5534a539ececf048ddcfe761e7cfe79a8b7323c 921118985 1493742198
e0b96ce14026a6025e607e6bd68e64ccf4b339efc09ae7e53e1522e6851d1ca5 1600401490 1493742198
e0dcfb9c7c8e5a177965bd5d31e135d1d4bdbeac445d62b7dd7cea6ed304caab 840165090 387299272 2927698088 840037249 1493742198
e0e1e639048323a653124d26514430e74629738ea98bc497aeb19600f8a2f16f 2032689440 1493742198
e0fb36723f69149012a5204838dc22efb8a2a66a71dad728060433cd0d71b884 2655332321 1493742198
e109a1f77ad814038de561e9d86c375761f33472a0f6ff45b46d6c69b17c9ad1 3245099882 1540753013 1493742198
e10be2fcccd2b274c832dcdaee5da7ef82f7c2b424aa0ab12f66da63e695bcad 3533017161 1989648433 1493742198
e10e76601e47cf2f9255b23a4907a6f6b86fa2f936c77699d751eeaa1e010a7d 1493742198
e10ff155493991a0357d5c9d4bf17a14b00871b43aa375cbbf463255d385dc33 1746430176 1746430432 1493742198
e11215755dd07d8f9336868e316dc6d9bc07d5fe9d43b29a1e7eaa7996aee187 1583782794 1493742198
e11a889b68e935449290352c9a3a3f837586ffb804920294bf9b034f9fe0fdab 1746533474 1746533218 1493742198
e153ea370c34411584dd09e63daf61cc89e4a2a3c172a4a7006e7c5a130b886a 1746152140 1746152396 1493742198
e15541ec43f8a6029889c8f3cd454d2fc7b7758ca8defb29fbbaac073d9eea7a 3630313571 1493742198
e15c0523c3eb68ef615a61dd919284ffb96da71bc3a7a13a3066e9d0b0225bc6 2001801050 1137530844 1493742198
e16f3425b86d3e589aab914ef221a47108afa8e4294f545561fa373f36a77979 3244957386 1493742198
e182cca5361fbec3333b220c9ada925a78afa1d3185aae51014ddfdc5aeb68b4 3249707568 1493742198
e182f17470fb5c9e4848b1a89480eb4017ab4a5464c36bb913d0c5e1c4589ddc 2575270757 2575270758 2575270888 2575270887 1493742198
e19d843edbcb562fb70456e34f5ffce1ad55e9bdc50a8c8b302eaa2f1c338b9c 3629618290 1493742198
e1a5747dd92073c71751d2de8c45dbd98789eb2dda08a290928a535a1878f668 875752643 1493742198
e1aaad43b1d0279c02cb81125185d8720c40fee1638a8fe4919ce4fe0b6c07ca 3627734052 1493742198
e1af0e0076f5fbb7728d5acf7453b1302c902c454a2d2b16d6928f966c51eb29 1760401390 1493742198
e1d305424fcc116348311381b799231e5ac52f872eff78dc41d225ee87661791 1746886245 1746886501 1493742198
e1e123349d62cf90c2dde997a75f99719674350220acd30461dedc083acd5398 1746653470 1746653214 1493742198
e1e70f9f6a7ce06169b33da46ccd033e83893d7a31873447efeaaa47f59215da 3236274800 3236279920 3236281615 1493742198
e1fc35caf35a0b560ad18b4066e67d2ab2e21daa38def33e99af029967ee854e 1493742198
e2084ed02554d73fc98a83f758e6ee5ce93fde3e0497e2fc04a48d8014cafa5b 1493742198
e209c1760f3725c238e08b1ace4daa823a4c9df94441708b10c6ccd8cb2ce323 3512677019 1493742198
e20f5097fc971cd1ca7fd285419fcbb03fa3a91f79c12036ea2c4af645e7e612 1592187795 1592187797 1592187796 1493742198
e2209a7192f85e495a99000d45682b9f6cad0a0f16dd2936583c49facd37fca4 3495039057 1493742198
e220ecbe25007b5a5ef4476b51fc43cd48865c3ad722b8d37ba8423dd9e28c5c 2540027988 2540011604 2539995220 2539978836 1493742198
e225417bbd4af9c1f3ab22b081944f6d7cdcb258cc87d26e0fd68d4ee117b748 1079770887 1139015663 1493742198
e22e652f24eb4731a7c8edabff0584b46faa39dbfc715ec38575788b794236b9 3722731143 1493742198
e24634591f28a9c9368a21c8d782714eb41476aa1fad2755f288fa6e7741838b 224250418 1493742198
e247f20bddd84d6afe9fe2116a2e9c640703e25ba996d71c1062f5cfed6e6069 2065597954 1493742198
e24e22f5aa645e5d206bcf93becb3ebaf38499e9be84942c975f4a13718016bf 877140642 1493742198
e24ef90a5ffa6f2ae8680c71272e80a1a6973ffb0596e9cc16d2fc5f04f42aa3 3626425367 3626425368 3626425366 3626425370 1493742198
e2504b1d26fd3999dbcde06b67e80309f58c67a4c1ef4c17bce58750f467860a 1746020679 1746020423 1493742198
e251974fff875dd0c35d3f8aa5de51e592605d006ad44badde3c62be15cfb525 1364877322 1493742198
e266fa16279707407c45e25a7696b7e32cf0aa11ac51d4227b3ed73c4ed0a686 2899907171 1493742198
e26ae1db7df3bb3757817d0e9bd6a05b9f19983e91e0a3902590f2c5dbd17a3c 3404072741 1493742198
e27d61b4e99de0ed98163cb38b7af933c6665e5509e8490837055813778e236a 1745892900 1745892644 1493742198
e284b1ab27ede91e8e71236fe623e36c7b8458fa7f5b2c540fb1bfb881d5a4a2 1654537422 1654535374 1493742198
e2b43e5fdfff28ec6b9a4d0fcaa6babea0bdcfce2ceaf64172b512b2f0e79c49 1746434541 1746434285 1493742198
e2b7b90bdb78180f40ccf3283c10bee5109db8fda858b1abb25bd1d867b9c63a 3426692626 3494916271 1493742198
e2bbec8ad3a0259cf5668ef0dac692b30051b02e4ede3c2f0c512532c5650120 678629850 1493742198
e2e32b8c8d6003d910091ea33677ce065adb526266e186b06c99592177adf5aa 2539978946 2540028098 2539995330 2540011714 1493742198
e2e50431781a44208ed1d365a12bcbfb073993152732fa6d6e0e9186f1332aea 3240749590 1493742198
e31002445c569880ec14f4cb668ce784235359381c1551ec2d7d3b50ee121e10 1427709610 1493742198
e3241e203f45a46adad0d0118bc2421c7141ffcdbbe000c2efa3e70bd6732844 3531664073 3531664072 1493742198
e3298d2114c814a8a693fa974fa6b21a76da9b723162558b5e81c6dcf4ec8b0b 3578903014 1493742198
e33844236fa25748a61573467037adc3db9f9ab027c04bc69e35e413f395277b 3579580517 1493742198
e3594d09c16e628cf90f1efcaf9d8176b8e3905c83699283faa4934a34ce81e8 2671072382 2671072649 2671061515 2671108117 1493742198
e367357940abf114a0d6bd24da4c4885efc81084b0478905dccc01871c88365d 98742288 1493742198
e36911cbb96e057dfaab3447ad84552300ed19a2268095af57603b95299ed8d1 3219872326 1493742198
e36fbb4524f5532f55edd6edaf011967f489bb9c2df600229cc4a666921fc4c2 1964608333 1493742198
e3979cfd7701dbb4acc6715e7272c7e8aea776b9b2323797cbf042d0a594d65b 1741775024 1493742198
e3afa6ef59f329181a367f1f482ef3cd7d00f7f72eafec3fdac1ad4d4a9dabf5 3277338128 3277338384 1493742198
e3b464af58623957ee9b87642edb8e6e3b055f5e228b34a8f537bb269e929855 386595224 386595211 1493742198
e3cda99f42bcc1a1b3ab8c42cc8aa8b4e39236e5e06068a1d160102c2e5e2701 878027273 1493742198
e3d71067f3975ab253c368f0ac00dcd596e794d1b38d558efb881c03d689be1e 3165025781 1493742198
e3e4d6cb12362610af755237ad3f773260319431a3e2c4007ed6aa0697f3b8ae 3285441908 1493742198
e3edd9223bfe4f6d35bff10967a7d3eb12da30dc37980843c5913644f14c36d2 886777942 1493742198
e3f0f0d1f583b4802c1be53efd8c526e91e7344ed610313a936d4bf51d85ba71 1493742198
e413553fc3f0447fdf7a46e1280e85669692467156f617106c492397efb8111a 3431401647 3431402802 3431402907 3431401627 1493742198
e430ec00a2925eb4272b6672ba99c971dd41a16bf98a378fee20829aba124ba5 916126825 1493742198
e431d8d6c06abb4e1840d7ac11fa919f6695bf726d177c3dea49e175fef0eb1c 3584806169 1493742198
e45f18843e85fe143b906d62698967c34be8909a9e91bd14b4f1cbc12edf4412 1041673010 1493742198
e475992c7fc4c2145576909ff781d91296de0141315387250171e4eaee4fd3ac 3350561785 1493742198
e48ac44116753e2d468f20c40699952b4d19a70fdd81aaed92e9431615cd6db4 1248979850 1493742198
e491f25a5ccd364212ccbfeae71ebfad23f2cfc405e3218b397e1c12a16966f5 1116197764 1121170923 1116195225 1121170708 1493742198
e4924837ad8d01a45d09900e5511ab6eb55da97243f4254df6f38062bee29c02 1100742972 1493742198
e4a000438535d16701b57546646ac2284c4115a156212a4a82c73d13a673046c 1094153820 1493742198
e4b4f5b185ba6e902752aab74d5f43f1a8627f07d200e43880ab9cf509507c04 3107017900 1493742198
e4bcc7a07766cde04df98f785d82a75db1cba8b273286b6e3c60a23c9f1de018 886190231 911045775 1493742198
e4d3d534b5770addaa0ef6991634c3a6a5dbc78f4e9a013e4655bb7a8ae232da 2540011839 2539979071 2540028223 2539995455 1493742198
e4e64c79b0cc456c56bc0f4e0118ffdf56015cb63b425a493b1933f355cd8cd8 1590055698 1493742198
e4e8c793e98d6a941eff3d6ff90f16b7926b9dd0dc1316f2a9178c8d272d1ab4 1481983751 1493742198
e4f28e3be3969a1ae2f3e69e1d6ba6f12cecd7a7228080862a55ea043db26f48 1347571027 1493742198
e5127a611b41feeac14a109543e9fe339e2fe307b9e4a70bfea34ed1bd854f50 1210270655 1493742198
e52e7cec0ba8f7fcdbd6470d87829f619a3678756a681da34336069da0194b0d 1317846630 1493742198
e534ef78be4276048918885519c684a43f3b32ac282f9e180f9819a879bc9fac 3586990090 1493742198
e5370d3cdff9bf30d67d2593431560d0b0439db3132e8542f1e7db95688bbfef 1746640368 1746640112 1493742198
e53aa66cc54a6472aa1ea001659041b34ace8a85cd379f79eed0b1287245c7db 2094518798 1493742198
e5522eb66e490641265cd0ba931cdcfdc9c2c0f260359ac75684881fa8da0183 392268659 1493742198
e564a924511189e2040b3339d505f457d5649d21ff4194c3e04c69e8db63ba71 3650373330 3650373843 3650373842 3650373331 1493742198
e573a1661221344fdc54b979870575b5c2256b94d13c0e50f293ca6c9934ba12 3671269707 1493742198
e5820c36f1c4162211f47959d8b2eaa7c5b4f5ddf9d88d4236214bafcf32b819 3641448481 1493742198
e58a7e067adab680aa7cb9d0afd49f97e95e09ed98b23576707356d9a54c8e3c 1493742198
e590ad605ecd97f6047912360aa4d4c14740788be3f15a86d96c037cf7d5b52a 2899907171 1493742198
e5a1ac41be35e111ab47ae37e51c858a547191f545d9f7b4d264f75cd6ba82a7 2899907171 1493742198
e5afb5b8175123ef4f7b7a75ca5ddb650316d6bd768af398be93e2324450c810 785481674 1493742198
e5c6f9766c29bc52b808bda21c9ef298c85be6086fac11c75e01f77b9f3213a9 1493742198
e5c9621cb86bf89d800d056485b229dd2ee2af53aa7c287d3809fc199604ab99 1746530403 1746530147 1493742198
e5d4bf38f8efd2afb62593bcae857d606dc57d5bc0e32b2bc0d9aeaeca207e7f 771347580 1493742198
e5ee1bb0df567649b1033e6eafa9bfd4f674b507603ab569b68f3dc320a46f37 1490539802 1493742198
e5fdecc04070647110d35447b934ff73e95c5c9fcdde55800c73468018793805 3406953747 3274414611 1493742198
e6032962805ccb9f68a2a9abae8ce288a5e5fc77157995c30bc48e6399cbbe1b 2315140102 1493742198
e63b8e56409af9de5e7956afdd55854c5a6b8f2409b064bcf97c4dbceb7a68ce 1991917795 1493742198
e64ea094fb3d56298248d3673de3d64f105360cab8a0366a7fbef37074be6d82 1805281893 1805281637 1493742198
e65fbef21e1bee5ee4bd6266f76d63209a2d8d6fa6d905bf654c5cefddae2ce5 2899907171 1493742198
e67c049b0fb595427e037f52be81ea01af7498fe9c6e54f38343c0f33fbebf43 1493742198
e68742dc00430c41e91849087a6dccae08cf7a4a878439f82795da9827bd1ae3 3754566099 1493742198
e6af45fae68082148cead365d842b40e368b11dfeee7af4e5dc9d42c80e67c79 1745911603 1745887284 1493742198
e6b55b627b4d15dfb8d8aa4635146d863ca5b4f0112735ebf483d40b1ff183ce 1074551226 1074548537 2511235937 2511236710 1493742198
e6fef1d2d81842a40238bc1d220cdd983d43954d6d1645ba94ddd60f6e63c96f 1138601503 1493742198
e7548df78b556817653ff49df5799a82952c8f750eb9ce9588b9d7047b3787b3 3232745928 3232743624 3232743368 3232746184 1493742198
e75d3e02d3b30e544a1d71ba65c37078abb6341efea19cba389455b67372a48c 1493742198
e784b53171addd5593f7fd612495648008966fe3718c28d99ad7f9995f69093b 3705974558 1493742198
e7853a0c9772e50c94f44e732d640a4f3c1039519edd489398b9cc224b4121be 1796563397 920761480 3091783738 1493742198
e78dceef2c92179e8e7dd9b5fbe6bd6e34a61aa15df278adc307b18bf2eca38d 1746142191 1746141935 1493742198
e79521dd730069b5c74887be1c9ad4be3f189b05650d3d0d539092fee2834a2a 3527692295 1493742198
e79805cc16794b63a3e731ef6eec57b1d6bce871c45077c3168775069f1eaeb2 2155509713 1493742198
e7cb8bb7cc159bb9e987b4f74fb0a1d16987077f91e5f1faa84797390f6a5d5d 1806965312 1493742198
e7d7917760f5ca886e615c880d1ce6fb652ea5e4168059a918fbb2712e4c70d0 1223233666 1493742198
e82350a853f46b522e3d2cad22002e784f36fad25bd78e10a6d4cfaf9c8780c6 1559292538 1493742198
e82ddad2d63e5504fdf78cf492d69542de75da6816236254d3b37dc76366dbbd 3515135849 1493742198
e82f5ba16d546ca4ad93267ea64501f75b1f57ff99f7dc5ffb0e17fc74d570ad 1746486888 1746486632 1493742198
e84f544cb22738b090237b879f2438fbfc5cf020272e793ef391da48f9a961d3 1746151959 1746151703 1493742198
e858ef00e422ef4cba0d8dd430838812b267604cca9b6731149d882dcff2cc0a 3261675690 1493742198
e868906c730209966eff408c55d781630fcb3c9de961e9e9738b4dd0e0fd5e7f 2838254770 2838254182 3231438026 3098383143 1493742198
e890339cd1bdb88f3aaaed7fc15b3bd0486d7b64f5246b08f667f5da5f027022 1493742198
e89f555dc7cb0d16a547fde51cc4b792367e077429e7c1b1551697a4df649e90 1746666779 1746666523 1493742198
e8a0b050316813e55c83b7531890f3876ebe0a3c8efbbd5bc339e44586866a1b 885380643 225488537 876991329 225528181 1493742198
e8a8d5dcfe24e4e4f06f8f3ff1b81538f131572a8e9b33dd5cc95d40ef46be1b 1490033939 1493742198
e8b5b4303825d53d74e199a25d6113c14f779e4be6804c6c432e42691adec6ac 3635017763 1493742198
e8c6b6267d75dfad39ad2a1ec50fe223a29924119c3829c67a15250854a0f7b0 1358144175 1493742198
e8cabb7694115cdf48624f1cd9fe89a35b868071f55067567ad31ede05bed534 2151377176 1493742198
e8d6be9a4501797e4986f825145582e6ecc644e5ca521fa4a9678fe50517ccce 1062016906 1063456816 1493742198
e8dfcd09a0f30fac14fd08d3153f983908ffda8a48eab451c531a6a650cb1762 977599196 977599122 1493742198
e8e3d7898d516b01319d7302eeac0874d17f47b56ba1cf518ba04d8fdd33a967 599446896 1493742198
e8f4bb9064d6c467a6e56a678095f0202ac65a39e63730ac204517d384417780 1746485019 1746484763 1493742198
e91c769be62111d46e7d5ee9b4fc8edbabfbd92289719cc502766b6cf04364f6 597466176 597430769 1493742198
e9220a17867cd27f5edc56ac731dd9dd39dbf308eedf218fba0c974af30be502 1746141742 1746141998 1493742198
e9272d237f8eb5b2b1f4ba0ccb63eb0864704db0a44fc40e3090aa25d0f65479 1600402172 1493742198
e936b0fee075a9a622dc793b3fd9db7e667b194aa809e0d20d41866e635b1ec5 220246167 220246043 220246061 220246054 1493742198
e9387bd054aa40716040d413c0517152b59de7ec6f095bcbc70c44c4e9ff92c2 3338036785 1493742198
e9788e344087e2eeaa3a3e20b1d10a7d847132320634b2390a86e0b00bbf0a18 1745905076 1745904052 1745904308 1745904820 1493742198
e98146d2de5c45acb412a5bed4e1ae78db39980c1419daab1fd0b172045a293b 3098255530 1493742198
e98d7ed8685125e798335bedb40947aa67d028fde4c8f92c3f3f7c2e84aab83b 1746498061 1746498317 1493742198
e9909649af264929d0ff094166cabf1c786aa667a7eab5034a05cc69b8b54bee 3248807138 3248807137 1493742198
e9bd2449e36348da4b282335b81e779863c56afd3fdcc4059d567ab181131e25 3029953110 3029953111 1493742198
e9c3e4fb56eb4f73ebba468c6f261d81aa8a1d6f171425cbb9f6921bd528a0d8 773678156 1493742198
e9d207a949d6a6db89946e79a19814a8399a4a049f179bedd3d4ecaa4987eedd 220246043 220246038 220246107 220246101 1493742198
e9f39e5f5c6d7009b72e7578e8b2a1f9e2be0bb5ec84d0fbff5a1d8c81c1fd56 2009973259 1493742198
e9f4272e4fe0cc405fcc06ad37c4ed9a14d73586e719e14b55223378f889a017 875428207 885612956 872656997 1493742198
e9fdd5862bcbe73f763c401e6f0bc0c2419f8bb42fe824faad8f5ab066324d01 1493742198
e9ff8e616b98aa5c61e8584af762a46738251c94801df0fc80a4f668239d5347 1074551226 1074548537 2511235937 2511236710 1493742198
ea43d0618c0e9bc3fbecd0a16ec4968e8ff078768c5e23902a7c3b406ed4290d 1746471181 1746470925 1493742198
ea4c94e1b1060b17dc5c9d54232b0e3f01c2a06aa1cbbb91979b5c906bcc2367 2342687511 1493742198
ea5da10e57f48901966ad89cb579ed359ca07f8b402c54e0fdf3e679dc7f4a17 3394072843 1493742198
ea780b6ea2215839380fe3786980cd49d78ea1db7676a39f07d572ffd604b46d 2873350088 1493742198
ea875b67463b6cbb63696a974370e0aef1967e6582897168ac10eb8e5b49dd3a 236020837 1493742198
ea89e420e6b1612478ee1ae6ad7409cd2b4d5e5a44745d7c057e5680c2b2041c 876237803 876178316 1493742198
ea8aad48bd82cd0568597149709b69ced2d8de58a0cf75be998dc3125bdee8cb 2927577328 1815808152 1266558837 3488897366 1493742198
ea9e3c09b810e4afd83cb11d7181aea283615864efa60237f083098462d708d9 3254905881 1493742198
eab2706b5fbf21f5f71afccd9b6ba9b43189ea8e1d9c6c2350e8dbcefbd714a7 3221246192 3221246191 3221246193 3221246194 1493742198
eacc9dee33ac9692d38d6c13e7dac237a45d459f61ae54257b68e1c13348a5f5 1746634481 1746634737 1493742198
eae9f2c8a0524ea70bd66cb3ccc15d14d7b2521875c62fe7a51f7f81b89fcafd 1746469659 1746469403 1493742198
eaeb5f2e296bb63abad0f21fe6ff494014c6d6d7c013643630582352405e8d7c 1743009590 1493742198
eaee4d7906fb970af9da681cb6d72fdc5e9249dae330a21595b0137a08b4e359 1493742198
eb01526e1ac17fdeda94e54eece4a944f81e846e4163984439b29bc2e1587dfb 1033609209 1493742198
eb0c2c74a09f51685f56d6f0dfe38bbee579a4a03bdde111c28a2ab22d54b364 1370506754 1370548994 1493742198
eb0e90af6116dbfacb71b38a9813a10430dfd6ff84f35a931de6d3522164cbe2 1746480753 1746480497 1493742198
eb36162755d44693c9a6ca67e703cbd9d72bd3ddbf64cd1538b40049c9d152bf 3532960240 1493742198
eb3a3a64672f3990867a4c2868a48c101a3d8bdc4dc24a354e62f37b5a0b7c04 2540028229 2539995461 2540011845 2539979077 1493742198
eb3ac412e846c7a01a6dad00d0d8f043476f27f2d5c8eb426a8eecab189492f9 876941249 912030104 1493742198
eb4f2b6f606aa3a9cd3fc337101d0f06e1e724502645132898e82bee0665ec4d 3188293821 1493742198
eb6068248833ac983dc4ef38a0862c36888de22caf7d5a4bcf3300c14d97d704 876908203 1493742198
eb6452513c02a1a00d817a81ee4cece26fa600c464e06ea492dbb28be2889869 2899907171 1493742198
eb6aa45d8ee84908f45a33e0d90da793ddf81003767272775203b6039c607340 1493742198
eb6c5580807f8e7a26752d5f803fff369b724e5243c12e62835c612e1607f122 1887002654 1908734494 1493742198
eb705af80d2b089b348307a41c51315e8fc717c6fcbd9f1d3688bf39309f89d4 3536984130 1493742198
eb7a13797982ed4e738cea5be5112db7cadd39d52371dfd9e42f4841dcc2d530 1119074063 1493742198
eb80cd4731011a6b90ae09f5507ffc0b467cd52c8297659f06a560fbb5fa2662 1796726578 872813995 583827185 1493742198
eb97053fa1e25398f79ad2f870cbc7c6959a410b934d972a58cd038bd5fe938f 911652437 877198156 916775543 1493742198
ebac4344ab86723f0940d32fe50ff0d59cf4b2f884c9a74ae4847785dbdff4a4 96767220 86457426 96767221 1493742198
ebb4bf8dd728d7418b379f0efd059d1bb8a912af66544563558a6771f35ba88b 3274373928 1493742198
ebbe67d6cb7d7d9efe656a968740646d59407876ce15521b2a14aa10e0d87c65 220246067 220246038 220246207 220246169 1493742198
ebd441f60e77f2dae8df380ca291fe6a97660b2a3d0e597f49d9da43d3de311f 1539518851 1493742198
ebda7fa3790ba7477679b2d7d3fad8d3d21c4c6c4c07d8db0e9b4bf86348735d 136701056 1493742198
ec0cf129c3ba91df54cff6be9ea57b7bc2de2610a03ddb2f0b2de42751463974 3752140414 1493742198
ec3597dedfcc289f63cd0a6f496c916ae44153242f7394f26895fba3a2fa2859 34921341 1493742198
ec40163e4ae4341e7e769de703eec15dd945d6b5cc6140933c7a8336c71c8636 1493742198
ec40643524044478a3aaf3d064b79bbf9ab5e6c9e51e90b9f7ffe49d0cd78a82 1566408934 1566409430 1493742198
ec74557a0f3d80e76e2f36d95799082e222b380055d41fa5324b4f1bf32567ec 3248801106 3248800850 1493742198
ec7d5d75d8452b6726bb1e20964ff558fabae867d203ee2b148d78aa8449d606 918944033 920512975 1493742198
ecbfdf3f2841e6e42c1704bba8e2b2ae4b313ad05d9289126a45ed6b4f37f4f5 1746388232 1746387976 1493742198
ecc707a41c541bb6ccf55d285c50365a90fb5d6dfa204ed260cb2055edba42d3 1317844874 1317845974 1493742198
eceaf1ee85602e4890bb539984fcc262cbb62c8f1232a38f6baff2528631d9db 3427587475 1493742198
ecedf515240fffdd396de2e43a3c97c3fdda18c9195b5d1f7844c23203b3efd6 2067388547 1493742198
ecf6cdb54d9257e669d778f75196f4525f5340ec6d2cc448b35c7d1f8cb1a9ec 1746636437 1746636693 1493742198
ed02f681a68837285e95dee74c99f7901222c27466359f7a91f0e766d922ca55 1600401601 1493742198
ed0d469867bb7aebfa5cfe94fd4109abef6ef14e3c6a2421c3fc755c754bf699 3097118106 1493742198
ed222e1b9cbf39d012644d8e39673a281f51d02495aefc0d415b79d972fcb06e 2193226260 1493742198
ed2e7c17be901c48aaec0874da5130ddcdba0ca7011baab41738cbe62a71661b 1746499354 1746499098 1493742198
ed4c76bdc69928f368cb938e20317d2ef69dbcf516512b45fd06563f896f730f 2899907171 1493742198
ed57b5f5fd1629fa2d50ad39f09305aacf931bc5157fcf2cbebe8b37edabcbf4 1745942010 1745941754 1493742198
ed6444512ac0d0cbad33cfa7f0a4b28433a1e64928280c3a5abc6eece8c62b2d 135547286 1493742198
ed6f124989555e306cf915114366a26ffb5651ab68bab5218cf04b94457545e4 910287419 876950398 1493742198
ed713ebf6871f2559db808b7b424925b5db697297ba11969750d89d52a835a90 1541708079 96142616 96141556 1493742198
ed784eb585701c02848521fd04f0be623bb1d7e72c06c09040c51c2dce88636c 3741260689 3741260686 3741260687 1493742198
ed83d295f85049d5d0f61fec59384ba9d1b8353587d939106d3e7a66d2187623 885373975 876891866 1493742198
ed869b380363184a08b37bf8dee81c0ded0fee68106362f0e8b732514b853c71 1746434709 1746434965 1493742198
ed881b2b6aa92ef07fae3dd0ae4f86a73bcae4797e5192c0c8c28be18f349d81 3645290534 1493742198
ed8b372b4c99c2f1cb1c41d3f8c5c1f251256cddcfe410734c4e605ee66d4e94 1211390734 1493742198
ed9b96bc149b030a2a4e4358eacb72c366c1fb20aeccd613e1df772203d03ae0 1546314565 1493742198
edad09f9a80430339b837e9a695721474cc69f1ce97ece17a1b247911b81c002 1757777523 1493742198
edb7b5edccc07b810dce4a44c152ad991947399db4bb3827d7321f96795f6d61 1746021225 1746020969 1493742198
edc2d368447f0fda1ef2336000aefab055d6791554ac48f1439d6314b18a1f1d 912025820 225479103 1493742198
edd8ca9b3cc27fa4be0726558fca0d9f3a6a59857d026bb31ea620ba33275e01 3109966948 1493742198
eddaaebcba88f97ac4f1cd0ee199ef8f74245fa035d503094a152cc9c936ba05 2281731286 2281731283 2281731284 2281731285 1493742198
ede2711b60b64c85f7f98bc0e32279f906301804fd039c9f3c1ef914dd52bc38 3522902965 1493742198
ede5f85ed7f49a7079af4eaa1a244650f823bf24395c7be723c97a539e55cac1 2262106862 1493742198
ee02ddcee91d9dacb14b0557bd9a5cd6a9776c71872877bb0e6626c50d5fc783 3423136458 1493742198
ee0408d697c83dc180868482dc7fc4bc675b86b37d7500cddecb773ef553642b 911530977 918498774 911776701 918517389 1493742198
ee09176de5f54236528cc2ae8694ecf3c4970ef9a216f41190dfff37c13af64e 3641649754 1493742198
ee13dd0c238d40a35305c0753c78198871b69f753238ff62729c41fa5f0d753e 3077538620 1493742198
ee1b3190e97e6b0de909789e6cd96fa5f22063f7caadd0676139c075071e4eab 2899907171 1493742198
ee200b1febebf77fba04528607c7bd179c3611c242d86034f3ab24b69d8be09a 1360289636 1493742198
ee29eb2fbf8383115f61f8f021e12c0c8ea5686ac70e422dbdc19927a246753a 1746862251 1746862507 1493742198
ee2c64749031d9c9b5176dc3fd2e035bc198b4ccad6af109bf3da5e9fc52d156 3221245728 3221245729 1493742198
ee2c7e56128cc5d0604c0ca2e9e658e678258d9b0b2a4e0c75c21119970a7735 1729657098 1493742198
ee3af61a31fd518d4148f0723101f0b8a8449036d1cd14691cade148ed7af0e9 2899907171 1493742198
ee4c54549816ae22aae6ac5eb6cdddb0f16e5df5f01f2646565eef2596f27f14 1746018998 1746019254 1493742198
ee4c787756333f1d0b80cc62354335530f368f9dfc7a1f54f945a4548a267770 1613583041 1613583217 1613583337 1613582874 1493742198
ee577e9b3221a0c3e84ba208604b5eeef4e36985541ed8946ddccf86b89cfd00 386595107 386595114 1493742198
ee5ea501e41dd81e7327d63c6c213772e094fe7e3690b90c34474c201bbad5cc 2620805728 1493742198
ee70768dd402b93ffc1d9e5855df6c3a980853fd1d78f4dc0246a08e569f0508 3579227684 1493742198
ee790606fdb2b5fab39a32cc6d7c6133f0f964ea634d47da665c99ff401ab21b 88053428 1493742198
ee7e73160da5b6522873ed3a27fa2ec3eb7b42e85b249bb4defb285fa049e239 1746142481 1746142225 1493742198
ee843a7d9ddcffb4fb01972894cab1895bcbf31e2b80938c241102791b1e37aa 2365632073 2365632074 1493742198
eea2da4ef189a790edb3cd7a9d31ccf5884615a1761c83ef461dee9d4e7f0a2a 2583597889 1493742198
eea9aa5496f803868e0466755167db1e9af173ac4f258c96ead1d5cf75696adf 3135947956 1493742198
eeafc9adb2b75ad662953d34e6149952825f640db5f8e947fe3c02e9613b93ef 1805304628 1805304116 1493742198
eed62aa1377cd58120090f83ec61eebfb8d31c0c0726c04645feec7cb06fac4f 873536074 1493742198
eed99cdd193e4cab38fc2909d7a59185adc825ee0d54d95efec7432514d9c7b3 1941358855 1941358856 1941358854 1493742198
eeebdc6dabdc322b1d9f63c82b3e33a6a20191e9221e600288294b63a0e33133 1078956814 1493742198
eeefd96cf1fe9204d1e05244934fe99b44d36b03ee831a5ad5fe9a4fbcda07ef 3650373104 3650373616 3650373541 3650373029 1493742198
ef00815e9f2d75e146089e7eae0a55166280adf0946c331ce2e3028b694d19e4 3201890551 1493742198
ef03d13b6a08bed83b36f2186080537c945196ad22262721c472e3d73be603ca 1566393893 1493742198
ef067209a7f05eb0c91fd218735b42fabfc57d227c9bec8b6a326578cceb9f31 3702872596 1493742198
ef0def09cd9fed60f27ed050a697bc8aa6cfc890549f1e4f7973c30a46f7de28 2160311528 1493742198
ef251d9abbb3b1e2154a3215b42a9e03da2af3fc6675ed09d4cfae4b86d334fc 3437818620 1493742198
ef2fc34faad6fd08d026c4ab9cc673d152ee39bf99e0eea673874ac0f4fc361d 2372237406 2372237407 1493742198
ef3a68ff4d3b1caa88bcf2ba5337015f3ef4e267536aa7b969510d0a9a153bae 3002658064 1493742198
ef57bb828403a0ed41d367c847d08defa304c70c40adf835edd18e543ce3d840 385884864 1493742198
ef5e31f8a2b1c3bfc91c6a3a66c1cd94e8285c6f09dfa216b0fcc0473f0dbda1 3461336597 1493742198
ef67b051e71bbc0699c7bc1de98b8ab24e167cfd7f6da6f0a2fedf9df908be5a 1745925008 1745924496 1745925264 1745925520 1493742198
ef687427b8f6651ab59ca2ba161b1a715416d8a460e424461f7b593638a11bbd 2392248839 1493742198
ef6e0215a7167735ae32774f6d0a5ca76f428a22c2faffb37c4982a0e4b9e7e8 3571481712 1493742198
efa08920df25d3182a1ad25a98785307e351cfe7445619080507ef94ffcbaab4 1745919711 1745919199 1745918943 1745919967 1493742198
efa80c46356878c54b9d228789476e5006c6db69ed9116eba1be76da9e8f2f1b 3245244615 1493742198
efad13f564f4a7ffea95da2cd339b07526a3da4a813894f427ee5ca8ba02317e 3221245728 3221245729 1493742198
efb892204f9b21fa36df5503894adf6ba4153d8264f0ea943a767f9e687d1aaf 1746866435 1746866179 1493742198
efc3ba3371003ae603796b2e4e69e5ae2b7095f48256e72a9922f2d25efdffbd 2928299829 1493742198
efe5214516a715b2e61cf291a00833dca48619fd7e3f4a716748cc18a808e01a 3238063782 1493742198
effc9398905cc53abf5da76c8fb7c2daed059f409025d3b11090669e50707038 2151797365 1493742198
