Version: 1
f02d6b69056dd98ccae92822d993407c61134a7d254d192204ee700b50b19ce3 997103093 1493742198
f0335f74de4047da93d99411628501a150522ed0aa615e589ec69be9d9eae1d1 2988565213 1493742198
f064352f4fabb259740c336fc78c9bc1117341acfd580fcb6db952bb7e98eeb8 3513177358 1493742198
f07a13d1a0a0c133d72e3c9ac369e79de242174a750dd2fbe5c3255cc17eb6aa 3495880904 1493742198
f0c0730424d5c9351723fe6a367f6ba115f0ef764780f3ed60fd71933e3b4d12 3717142063 1493742198
f0d4fd708f07e9197e38629219932c1a980a4c6dbe7536083687172d91fc20bb 3326638122 3326638107 3326638332 3326638115 1493742198
f0ec792326c93a3c1b4ef02460ec6c178767993de110265205c45d1c9726b690 2810975207 1493742198
f0faf8bd19bde63485f15a0dffc54de00a2fa3c700d23de8918d1938b4f691a4 3113216513 1493742198
f10a98118bef0503dc283303a3cd9884ee52ae5018b24b610587c827e6766e9a 3641711549 1493742198
f11258a938936e2c12e14fdc88488de3165722e4912a9869fa04211c41d64143 921640265 3455841045 1209389921 1493742198
f1128fc83dcaf11f04f23cc2680463ed1ac372189796f5d00c1076cd21856b71 2311595795 2311586832 1493742198
f117bf10f42b8e497d0c406233c74d4792c2f06678e37bc27c7c094d1e550a94 3568221560 1493742198
f11d2d5182f2c1ae7ba1590347b94343da6d3107cb30f3a136b9470330f6466f 35035370 1493742198
f135af1418c01fc8c4dd2ee4586f1e7c9590d117043fd143be3a0f9c462d2f44 2899907182 1493742198
f139b08c9c82cf05b1f18bd6b865e82c8b7ced7f4da2ec083c98dafd052fef62 3634193690 1493742198
f14ac4c016b1f0735a9cf10620e2eebc41afddfb528a7053a399fcf8576e36bc 2731548771 1493742198
f1519984e841dd47f2a96971643ca69c900f8a45de7d7b4b19ae99ef27743162 2194868602 1493742198
f15cd7d1dd9692adec0638632d1886989087a429aa568893f5b86935ecde4563 794427960 1493742198
f15ea7bc1fa0b3d67f80d03f8103046915b727f274e2fca392bf5d4373690d33 1317844348 1493742198
f17108558d1ba0fd3b9c3b1351bc81237b97b27c920c9628fe73f624cb74f200 86852426 1493742198
f1a322b0fb7d0536d26e6527c5f36dc0b1987369650e5340bbc74caccd44af08 2503905556 1493742198
f1ab65bc92110077a85f5887139c42bb4d6f817c4083cf9876521a9ba91e7f7b 3535623692 1493742198
f1b17d5fa98303389606a5e09796eb30b5a0ed6df49f0ebc00f7a09960deb1a9 2899907171 1493742198
f1c517406867180ff918d1901ddccea775ea32578de9490e03e152d782bc6f7a 911775551 1493742198
f1ca16ce7cb472574b9506f55a0073edef903a65f7af985a8192d69a8996cc51 1746492940 1746493196 1493742198
f1dd711127484e349538d65c8d6d06fd73c87c8017caf69435b09431861bc36a 877456983 886878829 886901970 877455373 1493742198
f1df29f3d7e4cb19791d1788990c8cf7cf6479ac4319233bb6064acaafec117d 3269989823 1493742198
f1e6c58ab204c19efe2e046b766692a909e39e03d93854db58ce2a672854d63a 3368423259 1493742198
f1eae7bb4940eb2667b5b9e5e8abf8932c93fc229b84fecad22c27aefbf930bd 1600402170 1493742198
f1efd3844fd7b632deddc73e39905b10046f777ad29f6f3fc6057bb11e308b36 2539979172 2540011940 2540028324 2539995556 1493742198
f204ba3cd911f3d46f7697a902edd5c1cf9abea2f1d38226999cbfc3280bf3e4 2704213774 1493742198
f2105a9402cdba00b20994a2fc88d44aea2a3f8b82e630447f7c3d6c98692075 2071802390 3702852826 1493742198
f21ea0f474a85c35c4911149e2dc1687728d745a924596fafe02467ac9563471 757165507 1493742198
f257af5a5c8cf2ec519f80ba44e0401b7b88ba1818d5371d44d5c3cdb209825a 2899907171 1493742198
f25d3a2f265f4756468e4c6ce0d3fdb7d1535ab0490bb41ad342cfd9dce5bcb9 1755332616 1493742198
f26fd147bbf3b8278f01085aa3cd55ef6a4b02d331e62f47fa0029394b045fc2 840939819 840939818 1078650922 1078650923 1493742198
f27724064dfbe99e2fc85115883d4dae9e1b5454bfc12ee08c30ef3291debf70 1049985181 1049985184 910956586 1049985175 1493742198
f2961725cce8622a7f3b83086725da89487554a387727895e57b76566a68b9bd 1571544935 1493742198
f2974eb27df830a13e3ed5ee96e0560e7957b360f4180cb5594e4c94f7ceb240 3223396257 1493742198
f2a41c7126cfa7a4cd0e619d0a0c5b03d1b09ff9a102c8de361e36e4084f6101 399618247 1493742198
f2d68e9e7da3706022fbc00c72fa9895f576630a6828d5c2c3b1be162d9e6522 918536063 916807643 1493742198
f2ddf0a43340cd06658902482bddd602b8f377182722d5d04b92c0d9c0a046ec 1796726786 872416508 1493742198
f2f18e81f9403cf432c0c426af9f545cedf0956577a693d0bbdae1066e3bf8e0 1745895045 1493742198
f2f452a655ec9c4eb0fe36460542e115ff4baf01b06e0bc7e9c6b5ef916ea3cb 872562030 1493742198
f31c37d8cfa350ccc3114ef03fbe7f4b250d0719f0155a072b00d5fe2450b741 1161897560 1493742198
f31c5177b9adf5bc746ea475da40bf684c0e11c0a11a6255fc4c0944fe7e6690 1298092514 1493742198
f3204f5695fee3206a31e4e9e54fd41b339de83612bf172f158c0ae8c5e29f19 3629254712 1493742198
f3216f6e1e6e4a2e4694084e0dde831229b60891a6ab050a77f2309e5ebd7950 917394615 583043067 1493742198
f321fe7876630cf1fef8aef873f6ac0093058f49756a6a0a58c43095aaebdce1 872754955 1493742198
f3226a8f5ffe8167f0a65777c67996988ec4d9aa56a4cbaffc774e67f7f47790 2042444114 1493742198
f32b67b1464a90825b0d955da8bc4f8564a6ce70f6686e25274724caf2d880d2 3002658175 1493742198
f32c527d2be86fd23583ff7ca0d8a40704ae43b4114b5d8e07563e6fe21496c6 1481986231 1481984888 1481987194 1493742198
f32cb4a5a11502b20f6efa9d8b034245540a80c12194ae20ee743e6b7c538b91 2731883871 1493742198
f3420b4dbe8635bbdd99fc2c1607e5e49873dc58e4f73eba2da868b7d6e4ad90 3639549973 1493742198
f349b4c67128b8aaced35f41921884a2ab844b8eded6c59165dee8599f47cd29 1466664235 1493742198
f34a40832816b28c6599bf50f388f6fbd013d326aea79f58e95b513c1fa2cf04 3325218914 1493742198
f34b4c5654fc851383465f5917eac86b1ab7178963933c1073945a0e1bd0dc14 3400896905 3400896904 1493742198
f357151c34acec2bcdaee55fae8d3ffdc4f62959b3d2ec9406d14d68c8ed6666 886775890 1493742198
f362a19d2518cd96cfa7ed7f6edb150c0ce65c61944a7993422f8ce5c2e6f79a 2355282317 1493742198
f3653e1219dae288fbc8df3943799ac2b51af505dd2c081ae23c4583f649b1d0 873694484 1493742198
f3835dddf74c0525199a88855b344a2e135e8d5bee39d243d46073bde3ce3e76 885409714 876939386 910212033 885395333 1493742198
f38720da4278153ff8c204bf58d6104bae0f9a56ee6da98511940968e8d4bd35 1728709848 1493742198
f3a77c4176edbda69e468ba6c8ad51a3490172b1c583cd36de07812f07f3d5d3 1500228602 1493742198
f3b3961d652d2e41faf95a6373d6c4b00d1308696440d0b86853a3e484d9758e 1493742198
f3c3c6aaeff63a57f70917b086c8c03cfc29ed90556d7f40fba0120a7774261f 1160397099 1127697069 1493742198
f3c9a9f1578c06fa58160dcb02c6ec593f416868c6a60237860e789ac55e9798 2098589709 2098431837 1493742198
f3cbb44598437ac6c4ccf07572fa8567b7fa6aab3646c2a64017d39b4f5307c1 1122728431 1493742198
f3d3dae9ac77cee0e2532bb4ba4d1b650cd2b087489d2431e753720e93c17f29 1566393489 1493742198
f3d996ee9cadccc5a7120eea5c07a4fc56939be248eb1d4c48ac009d5df87574 3546558406 1493742198
f3e962d6c11d9ff54e434389abf5df3e1b639940c8f05e407c5dda40a946e517 3629365544 1493742198
f3eb8369bb0b674f66ba822274f8a5b06953f059137b95820e3d81e6b76cfd25 3070091448 1493742198
f3ebb8db3dd1e280081e8c01a766ba53725c76b8f0008f3dbad059ef7715185f 2725757092 2725759140 1493742198
f3fb70301537fe9be9730c753311cd855299573001c8786a9926b8c78bb9c7f3 921151807 1493742198
f404f55d406118ec94c99969d1b0d6ef7319fffe3caef097043502df2c2a9d67 583300983 583089528 911326102 1493742198
f40c5c5bc8c5a164cbce8bbe45622363be267928c1cec05b8cc0e587dff0470e 1746409049 1746409305 1493742198
f417271b98b3710503cf305d68a65b1049af5615be5df0a2e07114901518e7d4 3397507098 1493742198
f41cbd31bfb7a177e3a792533fbb0ad771e3750daa70c5766ab66916e5e09b1a 1493742198
f41d798b426ea3af748b6fb7b1f3bf682e0143e671add4da7fa449d070cccaed 387277741 1796532725 1493742198
f4271f55271dd8fc52f91ff1600540463b68f7a7502677465b3b65cf5fd34c23 2899907171 1493742198
f43915adfe895f26b83e67e2aaa57fb91cec7244361c17c99e426493e20ee4d8 918559694 918559582 918559540 918559684 1493742198
f4508ecdd5db0614f7586a2bafa2acbcb5aff1a54fcee6ce8db6840f23c12e79 843041320 1493742198
f451a0ce975dbd22a62bd8204a25038ba485ac621a6f2fe2c605d7f3025c7a29 532707364 1493742198
f45b36cf0fb4a7d6d73707ac177faf026405628ace81d37648fbf81ec03b0e19 1842282849 1493742198
f45bf0851238403f518298943005160124af0198d73cc18aedf2b2f1ccfe0932 2988549505 1493742198
f4792187bd4ed9bd308143d00c967cffb486e1629572f9764f47bad5ab4cd455 2731614705 1493742198
f4ce17c66be440d5795f4dbc1635051a2d46cdbcdfb0005628322fcc56a575b9 1897879782 1493742198
f4d947dfc68b09937fe6007eeb0aacf2013c204426ed1893e43716b0a39023f2 1746417422 1746417166 1493742198
f4dc33a11c5de17f182f3f83da508438823f6b820d93f1f15503f36b4d2475c1 2372237776 2372237775 1493742198
f4ea54b49a0d432d31952197038a91f6f9fa8f98fdee1f81459d6a353c74dc45 2679547309 1493742198
f505b27de270e378f3fad456561d8dcfe0953cd3cb2f31e3821d2c84f81822cf 3253961303 1493742198
f509cf3f95c73a28c97d21b6ef1597ad94f0ed922e96c390b6375110aee7fd3d 2670527119 2670543503 2670570127 1493742198
f52a54709dccc74113ac1653706619e56ef1b11da1d12d1fafd10fa6506950bf 532707366 1493742198
f5371ca4914c9aa5c959bc748e4f252d056a2c79fc7a4660a54b093a8ccdc1bc 1139022702 1266595362 1139022704 1266595363 1493742198
f540e22ae2575df09035a41793a439886af104994b725393480ef7b43a2de33e 2899907171 1493742198
f56d0ce3edad4b770dacd8ad73957843170ad9986987f1ffaf07174ee486d1e4 2928299829 1493742198
f57b5981e31cef46b2c855f205a533988f2458652260748d8e171a4adb24fe6f 3411858207 1493742198
f5942096b9477c1914c5f7044815d6c14d93b98afd618fc76af8b5200ba98482 96964254 1053979532 1482904208 872335686 1493742198
f5ad40b872eee95b4acdcaf4215c6ee20f2a0bde2cb8c5d8e67bbc02597fe24d 3110617098 1493742198
f5b1c3e53388b5c502b1784005222d89a6be61097b9fe94183921e6db286b8de 1746533915 1746534171 1493742198
f5c960ca6bb0c8653a828c8ae10f53bf0aa0d18df158d64eefa746e7145ce351 1746143608 1746143864 1493742198
f5ca63be603f6867d1560fb30d5ef8402a0ca9bb96de1245eec26a0c2ba0541d 873782275 1796724636 1493742198
f5d66a98bf1f80ce8b4173c23f0cf94e84a776b6554cc72f7cccdf8c28b41155 1790666332 1493742198
f6088d1bce65e665b302e5a0b54314ecbdd0fd79b2d26b5dc9c19836db224b9f 2362269377 2362278499 1493742198
f60cf0fb54bdd8142374292eaeec522d6d38cfd5fec070eb716ff0e6cf256424 3091842497 1493742198
f6157d523ec44504acd40cf8c65b3cbbe1c50df806237a90f31e06a30b246d9a 1746885012 1746884756 1493742198
f620cbee737a16dc962206827e3dcb735670e459388dfd88d03700005334f75e 839961231 1493742198
f632a64ecde777605aebc7ea299405e4f96002e3ed8c7fda7308a46363ed2797 2540011613 2539978845 2539995229 2540027997 1493742198
f64862bf52b0385d250a9b6a25cdb69885f28b732dfd6a6b45c4118b64ff31a9 872846305 583090748 1493742198
f69509b0dc8ee3c8b3448a3a07ae299cf78426460fabcef843b93463330a032f 2539988217 1493742198
f6951c8d3a1b282e67b244c75e701fcc23cb652032a5e2eff7e229cbbe6e0ab9 1504153368 1504153121 1504153126 1504153367 1493742198
f69dfd74422ea00997e5f18c0dedf4b6ecc4054b4e32c1294a83c2f5835326de 875717886 886316802 875716988 1493742198
f6aa8c661cf27cd7c6104cd2fb6be44a645b990a4c3b7cece83be7f913d01a70 2733819627 1493742198
f6db21176901cc836793807fbfbd09e42538cb1eca877f5d583bb0489ea15b77 1493742198
f71e54e8f0a21c53e37b44c5f73114bd1e2c5dbcca00f191eebcc923a7ae2a1f 1586155091 1493742198
f72520e4fbb3ebd3ff7b85c9fe243441e5e757aab89e4b708286eb42d51bf1c1 2899907171 1493742198
f7397ae8b996f41df980e60f1ba7f6ca749c9d06fb01f640a7391e05c8c2c2bd 919607122 919608291 1493742198
f73d2d91491ecaa85be142e3c0b61b7b29dee5d6878e85a0e10fff5ca272fbe9 3702864345 1863149008 2071818896 3029697583 1493742198
f7449ff230566ab9e2479dd007f1d831f687d9933a2d12058f7f3520d8cdfa15 386595099 386595091 1493742198
f74e2e149a9da1daa09727578dab1bd5b23731af4bd765a2d500dfea1546c076 3270099224 1493742198
f762e2b21b83b43813f3f3c2556bd1662565c582090f3c5a2c4d696c2cf358fe 1317846630 1493742198
f774ef3413fbf67e5bcd99883afad2fd90943891ec4194c69aa332e39855eb98 3629618290 1493742198
f7784c89e6294972a2cf63cf764cd64ea832513eb8e4e58dc578f0c09ca1340d 1116197764 1121170923 1116195225 1121170708 1493742198
f77cfee5e6499904e125d22ffdee9657519eb135126a495ba7e9d97d6cae0084 1493742198
f7935a5da37ec06797e3bd3ac616beefe48c9e7ab3f2089515fed56d7071d9d1 2509940598 1493742198
f79786349f9cb1d31facaf9a094f11582e7aa1613b6a896a7d7d847b3b9da171 3629618290 1493742198
f7a78faf1f0f3dc7b30778450bb0c0fc8f524e703dd306ab9246e86c66f3c621 2639487048 1493742198
f7c1f5bcd63226da0e0eb95e464243ebe18bbca36ed0a976b54155f3d53ad0a2 92721422 1493742198
f7de8b1b4c6857d1c9aed9703fd11b7ec9493e77c96ce2bd3e8bc507b30e6d21 1613583041 1613583217 1613583337 1613582874 1493742198
f7f13c71a779abfe8503a617bf99d5ce340e61082fd959ca04391ec2d9f986e9 1500229715 1493742198
f7fdcd876974e4557accfe85527f67096fca6f8a85680a70f1d075acf47f87f7 1746501653 1746501909 1493742198
f800b94022fc97e852320cecf184b5ba0b7525c756a4c7dcb504bcf84736cf0c 3109403962 1493742198
f812c16e2ccdf1018afc52c83af282f3bd75c974b1caa6d62ed6d8ed7fbd2171 1249063534 1249063533 1493742198
f81825f06c62531af5e38e94c30f19eab9e31c65fc451fd3692448554eb96540 1746632902 1746633158 1493742198
f84b01599844a0bbee98b3b50424985387ea76edb9c80f1a9be8a7578f7d2871 3106597925 1493742198
f84e9a5cb6bd63d8110ee56ccd8dff07266e3d397507afb2559c0de053cc40f0 3627734052 1493742198
f85e00a9ed9b96b2e2d5043fc285e2d74bb47acf1097d4302a64462e714769c6 1266583012 1493742198
f8622e67cf779cd9d74a0f8f3c3c68af9424ec5b4176690a35ea7b160472446b 1746162833 1746163089 1493742198
f874e480c4b7c6c6bdcafbb4cf484697aa4b983965d1a8bd3e6fab1cdab69b4c 86461065 1493742198
f87d469c36690e3507c04f732641ca23644dfd118f282d4195b3446d13b30378 3322657870 3322657867 1493742198
f884115148d2cd67c34e062c53256b626b83ae16ab227a30665fa49004817740 918559711 918559639 918559705 918559562 1493742198
f88efaad3fb40f9a6437642d4687938b81922372852d540973b8c3de9d351102 2718773330 1493742198
f89db1758476b9ce2e2ccac07df4dc8026fef881c782384fe106ec98ab442668 1746495593 1746495337 1493742198
f8aa00a6affe641f707823ed424c2721bcd834aeafd8b0afdc9ced85e6616df1 3245244615 1493742198
f8ac218604828f6a33930627fdaa89ae86d0bfde6e79d6a4716ab853f14f072b 1078431830 2001812955 1493742198
f8b4c452e9cbb2ebf04660f11299909911e58aa1aea89582290128fc1e944c69 84627725 84627959 1493742198
f8c3abb0229405b97104e42a903c16770cab48a0e3785ce7c130efa596b26fa7 3221245728 3221245729 1493742198
f8d9846b34d5ef5038c6a53e71297270c2d3411ea8d0b3e98aeef0b3090bd713 3326601487 1493742198
f9010e2cf1f5ff10289b96874168d85278ee07c9a432d5011c69e5b9f514a267 34919114 1493742198
f91f865e56d7e7f4319042eb1d18a6008754ada64cfd7e36b336783802616672 2259828700 2259877264 1493742198
f93d057dc902205b453b28881bd931b5904ff3e6ab06cb92dba5330ba7b08f24 3631468786 1493742198
f94cfa669583175d4f1b22096568254c2c350bcc0a92d4264513f303ee65f0da 2899907171 1493742198
f963c4aa89a55f424d006e865fb1022fc65ac155e8025a73c42eea65227cf404 3240373638 3240373693 1493742198
f96aa2b5694c1da08a9f34e7f5c7310dfcd1fe275c49390d635487749cc6b985 3005983031 773638839 1383272204 1493742198
f990f7e144194cd2d403c219b41a07c394dab4b9fc7964b7f2c2b29afcf16990 2281794382 1493742198
f99a6ea484757d3fb657462f8910d6e16b42ce9c682e9916b9834ebf4f26241e 2097593862 1493742198
f99fdaca33bcf9ab739cf20765abc0d4432d783f82331d749849e99b11ef6401 3542948839 1493742198
f9a0f9dc73a0679ed6faf1e23ee8afcb88072eec8f065c2e4b8701275f451b68 3476457505 1493742198
f9c0a3a09fa1b3ff41661b4aebb45e0acdeeb72a4b1146607e8a03013041fb3b 386595257 385920536 1493742198
f9e512ce074feef5464d6e7afba2262f61c89c1c06c3a63199f55b83c163b5e7 1745888683 1745888427 1745889195 1745889451 1493742198
fa3836dfd288ce3c090adaa259ce648b05159a8db7512ab6d768b206c34902c8 2685431121 1493742198
fa405ba5c9e769b2ae001a4c1e8eaf0f9e818b7cf97a01717de85b3595e4a515 3324976458 1493742198
fa4a62c1000889bb472d202d4dd694771c37d44f11541dee607cded29ddf7634 2574918576 1493742198
fa515dc119b3b40d41525293f5cfac693bd08a7e079a37583ce5005bf492ad1c 1474470453 1493742198
fa529c1c360dce16952311a929ed6917bd8a20f0f43e0d8ed0b5b5c0e8d69806 1075766390 1493742198
fa5449380638ac5dcb9867fec8463c79d3543eceacdb46e79e96ca84fb4380c1 1805284874 1805284106 1493742198
fa5a46404fb6405a5107dd41215b6531cbf0c156c3c8d09aef8460453d5101b9 3109598481 3109598466 3109598470 3109598477 1493742198
fa5c0c855187fa81640ab41fa94cec4ed4429af4375bdb3fa55e92ac31b061df 886575722 1493742198
fa5df8a7783d52cce4a59813884919c43cdfc80f787a96bd5a5b873bf4ab4977 3274373653 1493742198
fa71a20290ab1cd85c57274ce73cf0d1dce800bc134fa9a995a40e5bec80fc3a 2774854188 1493742198
fa742842ebe33b7217b9a4fea16d439a0c7b867fce2da9e901dd8fa7e1ea67d2 885958751 885805815 1493742198
faa1e363657a000e7f9515c383c5a30cdfb77f712ee239e7c84226af0060711d 1746669212 1746669468 1493742198
fabbc38a1d85dbbb2735935d4d94b0f4fb0a4ceb45422a19c292ae7ff14972b7 2927691674 1493742198
fac22e2b5d07a86772df0b381447b522f6a960aa7d484cf1b5f90a42a1462f13 3683539278 1493742198
fb0dae8cc10d6a9630979ceb53d03d7343f9e38d90b95f1ba4e3cba6e14a1697 921129449 1493742198
fb181018478e40b341c03073cd08a87154840e60761bd3e8a40361629c40e1a2 1991817286 1493742198
fb2905c4aa12071d3dddb170ec9280e079ab3d5a3e5481a2a3a0b346205059a8 34920203 1493742198
fb2933768a1e08e73735b00b74d25d08e31d29632fc0b176c6cc231266f25b50 1354714902 1493742198
fb30a67bd41ad7487e56d54b037de8ad276d77b50cb4daeae85a4f31c6005d3a 646734613 1493742198
fb37bcb88aaf2d2e6500e8bfbf70b995e6551de1c8dac4a58b066e29da89957e 2539995205 2540011589 2540027973 2539978821 1493742198
fb468b0c0bd1292b038a4948f929604c9af933cba1f7d34ccec671038d191be6 1746205207 1746205463 1493742198
fb595600eeb4bb83444b90b0dc7973aa7804d72c4f56d3a21f6badafc7de0b1d 34919286 1493742198
fb6c276cd4d355f4851df2ff09551b75041e1ae0350b2e0e82ea9ebfde151ce7 1746524178 1746524434 1493742198
fb81df863ea50747375f0e2dcfa64887dd405b48fd2f0ce978613d633cc58b33 1746152784 1746153040 1493742198
fb8f383c6dc322b32e592f903074ef80056665b3f45eb288036b387b4b20675f 1475900953 1475900952 1493742198
fbe98b2e4454675a51aa5956ad325e9f6318fffca28c14603537a94cc07da364 3266543304 1493742198
fbeef58a4ec03327f60307e2bba36299c04ee01fdfac14d6653370fd69f0b256 3236024331 1493742198
fbf7349279c5a6de451e337a4c1133a22733721f5799b104be958654c25fbe5e 1493742198
fc00776bf3456f627b3b7860c82c9a48e44ce13e3db40650b264198cea4c24aa 3457364326 1493742198
fc0148fa51e80eba34ad26d8d8a8a4829398663c8040c13c2ed878da88065381 3331840442 1493742198
fc19e50abba78284a6b8928adc19caeb7195b3fbf5a3f583d7db01bd4fc3a075 2899907188 1493742198
fc3ae54c083be20826b7965c6f19de02c2258e56443c04887f06effe42e203d7 1360422269 1493742198
fc40941bb9215b4783c228e9ef78bc13169ff30d3eba211f2b00231d08698df1 3419070348 1493742198
fc757cc4e7eeba0118db22a15b2925d634cfe524ba151734b6a9927712e347ad 34921341 1493742198
fc76e05f08fd94755cfcd8ee8bb53fa953d0a85db28b598780840cceb162cf2d 3240723713 1493742198
fc8d5f76b974e0888ef5e97d054a33112fd450531ab504e79c2b9f84fd4a4a59 1475500112 1493742198
fc948abb4f3732575083f873c7ce3e68827485a57695a2c89ba6c08566e9ceec 3236274800 3236279920 3236281615 1493742198
fcaa9cb4218203e64ff13c455077bf6d7fc8d12a378f872312bbc48fe0b1228a 401357383 1493742198
fcc17a9967358058ed726a3509e6c68c50117443c7ea1fb6c4a0c1f516d0f1a6 910948439 1493742198
fcf4ec9b1d7f638fddcf417a2b849de5e33d954bffb382b4071b451afcf08d09 916008003 873058823 1493742198
fd24e548fe3c4366c59aca5b616f408688c1a4b38cdca767e47e67bcfa2ea114 1572843038 1493742198
fd32b9758602cf6891770d20e87fd68c05c7623ed6717596dd6a35b9abedbad1 3563420194 1493742198
fd387a9b13234564416488a4882e41e29b5573e336f61a0e6d23a07b9132d407 2362434590 1493742198
fd3f4ce63ddcbf89b47f08830ec54a387958e1271ee689b9c19852fbcb022bd8 1746001704 1746002472 1746002216 1746001960 1493742198
fd48f662f2dede2af727058570e94c9078159b7de7f437113f44d8a5094f3906 3464340562 1493742198
fd4d89b3e877cccdcf74bf1087be33ae6d73a587c865f0de17b4b6a43249d76e 3283463697 1493742198
fd4e8c8ed32a625987a8637e3f108565fbbb908a04266069b140a2b9af83f1fc 34922249 1493742198
fd5b4560393fe5970de7ef2892583faf3aff75598d5bae0d8d82583b744e7176 1493742198
fd62c63333c1bb32e1288597dfa51a1340a5af6da6e37500815d23014a536556 1783320047 1493742198
fd7379e54ca1e8361f9ae540bfa46c330f2a05078b1f2d2e411fc5216aa10ebf 3507429955 1493742198
fd7f5377ea317c41fbe66d804a10bc4cb335ea1d8898a9df99c0fc7bf0b245f9 922299120 876965492 1493742198
fd9c040b8277e122d8bfb114b31fad4d0a353c914b25fd62b1e855058ba4458a 1122728333 1493742198
fda0d7f7e27b5e1709c9b3d0e3df128037efd58a2a5913d6f2eaa87bc8787278 1248979277 1493742198
fdbd7812d368acfa0613f2331f082669f84cc8c988d877eda8d990b7de8dd3fd 1655655880 1493742198
fdbd85ee5fb4e8983c3478a28aafd0d4f85c48f9a14363ee03f68040f511f125 875798961 873528455 886256454 911000422 1493742198
fdc5c25db5a71e3f2a5c1eafa30d7ed462c42daa280d60fdc7b6c82f9a9788dc 2899907171 1493742198
fdd3b8676c595f5d6bbcff339daf1a0da0b179300e228b532000f6d41eb2e2ea 2899907177 1493742198
fddce1f3e61a121900cf0108584d6926d2a9ea9b2a6f13a2531658d385f13085 3156929450 1493742198
fde271a15d118b0044779e02dba5c0d3a56c0f16a45c5ab6991020e4264044b5 3503797138 1493742198
fdea44a5619a55043aa6b9b7d00c8a348d346b8ea3158216e36f047f50eaec1c 1746499191 1746498935 1493742198
fdf0f7ace5f744656e3cab41f292bc70cd12d19b1ea0dfd2f500028b4b232f36 1751004977 1493742198
fe0219ced3a6b41abf94721cf9c038cbcda45097001d3c737bf27141ffcc1890 2540007568 1493742198
fe1aeba3c1a8bf6a8de695d6d3740b7736332af1db05a52398d177780fc303fa 35035882 1493742198
fe1c2f88b07c9bb18cfc1ecd1baf061c5613a4c95db559f4014f1cd79401f550 2540028089 2539995321 2540011705 2539978937 1493742198
fe1de21b7e39e1c546bd6c046a457a80cdb8967ffe191409b13ee323a5bb6578 737958234 1493742198
fe22b71f37eb997cfe0ae055ee3f5674c6d7d49e8c4f8b11b5583e8ba09ea827 1493742198
fe2ac49d471ee8d6a7a48878d5dcf65e8c6fb1956653b3bf4f5dc72f8ae46305 244031559 1493742198
fe59d50ef638f9f2a46ab09e7adc21de154f7459d7b8a2622d59fb7a8724d311 918559557 918559709 918559653 918559565 1493742198
fe6af224e15e198ce45d87311380c3e7d1ef2a07cfd3fb8ec361a639195e81f5 1941325266 1493742198
fe748c54e627459472a3278a686dd8468d189ff8140ddba1a8c3fa7a8201911c 999781474 1493742198
fe81ffc00cafbd0430e6fa429058cf1282a681675033b0254bad9b975290b26b 2899907171 1493742198
fe9774178007eb71ffcaa8d8cc2b84a736865aa4b03c9c9567fcbe369d700eb3 3113763640 1493742198
fe9c15fb897275ac1772ce53ebcfdebf4c068b88b72a16db9a8e6ba301629f2a 2356194306 2356194308 2356194305 2356194309 1493742198
fea1ca63bb9ece48f6a372fbd3344e8808b47696748a543f5d560e95ebcc97fc 2328449323 1427216996 1493742198
fea1cd59af82c08784cdc074fe1fcc53c2723a5b4f73cf9b99e3f128c4a9a824 1746632985 1746632729 1493742198
fea305acbbb00952d87b80049ccbf5e860ad95c54bcce1fb39703775bcee951c 840073201 840081196 1493742198
fea595652a55f32cb5b88ad7bd172710fb446b51a093c4efc520aa217df55b7b 3002657820 1493742198
feafc1da0dc1af6b37e059b70958309b0c55ea3b4a92152eca7668d22418754d 220258643 1493742198
fedabd43cc2fba30f5d6e8f120b910346259f1b923445401ba025c627b3ce242 1746388254 1746387998 1493742198
fee10aa734eb5e69648f987620141f37ea937548e5af3d97b66fd159854fc997 2609402069 1493742198
fef69b09b36eb91ff348a0cae1f857407339b5b8e408f17feca073b49a8a88ea 1746643532 1746643788 1493742198
fef69d841fc4653baf55eb8b2cbcd34e2a4da0237dd7c217e32993a0e2c66827 1745941539 1745941795 1745942563 1745942307 1493742198
ff01637aa25738220a35db9c3ec991f07759d91a2468b221828bab94cc3268c3 2773685005 1493742198
ff06c94f81492a238719bb65471fbd32b4357eec4888db9403b860d8cfbbd9fa 2861021438 2861031422 2860994558 1493742198
ff0b72edf97954b4934fe09da026aa31581390eb9ffad1244158b590a3d8310c 1746407978 1746408234 1493742198
ff84585383198f12409b3d03b59f0ebd348d8a6e66a2d376adf5ef1cf91d5ff7 1741931800 1493742198
ff9a74c277ff02474dfef46a23330f85e578260ca9feffdf4e994394e7f36289 2899907169 1493742198
ff9e9c897492654c3ba112f12e3b6603af83cb1b6fb84993f0c22f5b090bd40e 1493742198
ffa524faf371d256e4d4710cc0c91b95abfbf2df07a52db69681d5aa66a8598a 877098121 878102072 583040662 1493742198
ffc28d990445012cc3e174474c47ad8abfbc00e6773f8172fc8e9649cab9c13c 1266585606 1493742198
ffca2833430abf79cf138fc4bcc1a709ac06ddba9b85c917850078c7e08e5dd6 3419510844 1493742198
ffdd4c1a62dfafca3378fef7d85da085feb7de99c7eb39784b87fa04f25f4695 2815983884 1493742198
fffb7f95cf6940d770c4dbc0b1a24348c91235c099edf0c2b11eafa63abb5e85 3228976264 1493742198
ffff5cc61962afa6c70bc8fc56fcdf6241ba3260fd1b08a015e6866a036da2dc 2539979042 2540011810 2539995426 2540028194 1493742198
